"","tax_id","X1","X2","X3","X4","X5","X6","X7","X8","X9","X10","X11","X12","X13","X14","X15","X16","X17","X18","X19","X20","X21","X22","X23","X24","X25","X26","X27","X28","X29","X30","X31","X32","X33","X34","X35","X36","X37","X38","X39","X40","X41","X42","X43","X44","X45","X46","X47","X48","X49","X50","X51","X52","X53","X54","X55","X56","X57","X58","X59","X60","X61","X62","X63","X64","X65","X66","X67","X68","X69","X70","X71","X72","X73","X74","X75","X76","X77","X78","X79","X80","X81","X82","X83","X84","X85","X86","X87","X88","X89","X90","X91","X92","X93","X94","X95","X96","X97","X98","X99","X100","IncMSE_means","IncMSE_sds","present","n","prev","mean","rho","spearman_p","spearman_p_adj","pearson.ecor","pearson.ep","pearson.eBH","spearman.erho","spearman.ep","spearman.eBH","kendall.etau","kendall.ep","kendall.eBH","mean_rabund"
"51","Cutibacterium (RSV50)",0.198627698672746,0.191524391307065,0.321149998217535,0.208831203300585,0.206369399863214,0.585023893513741,0.0560139457319021,0.209141095240388,0.11593733753904,0.688791081279721,0.120748165682627,0.348135609582452,0.414942786878365,0.325590792879715,0.137022476152224,0.301811960078493,0.687245160215261,0.135239940168692,0.0414166407001507,0.152734898848854,0.194129435469084,0.722720530918317,0.0358857384801888,0.0891284769390504,0.307719345970307,0.353756282697439,0.158975333829185,0.453022288549147,0.207217121740267,0.0262910564465063,0.550943440105712,0.0631263000506889,0.434267653004766,0.113242140342819,0.167878926741358,0.0673917199598761,0.282556594297293,0.37729754657855,0.154445305419234,0.294858424054415,0.333851999300009,0.154248015562731,0.106045484133256,0.0728250671903962,0.509482331222281,0.099022995678844,0.307874297196761,0.300105906789886,0.127002304997509,0.332672031893886,0.194602213166181,0.447312458771647,0.301253313800202,0.134939162806474,0.227616932171696,0.0384704891438357,0.266202312904368,0.440477934453935,0.190536190426232,0.65232719616933,0.449367231146421,0.0925100356776605,0.451606472693321,0.103709868718244,0.331028722925743,0.132088173212617,0.336485618295113,0.473055297356005,0.338023340080551,0.0799148678815274,0.0163846422230218,0.308109765795048,0.394338088186374,0.11199092144916,0.426684319703267,0.352551618855024,0.198122430757962,0.404335770511188,0.0552797597430896,0.301267561174206,0.10144440015129,0.221213281337316,0.433906157419759,0.365714131489832,0.346621536486943,0.558146464073124,0.187220663072337,0.056026979448925,0.0158647080954938,0.662106613548666,0.18062901938789,0.0502618574031371,0.827024547698515,0.143505141695845,0.247366612348314,0.192480240775856,0.956304811766584,0.172217161072534,0.152672790759955,0.171837775867755,0.313529605537511,0.190461613522228,36,45,80,1.3,-0.405903733149249,0.00566683714559976,0.549683203123176,-0.353788219040488,0.0219629928530622,0.65249906551925,-0.380238876999865,0.0108927476598779,0.642420634510438,-0.256386233475232,0.0141676982168779,0.695095169202176,1.424
"155","Staphylococcus (RSV7)",0.221626041117174,0.341853023058078,0.0774080946970455,0.104440496390853,0.329923723797167,0.290684655424589,0.0269775789697116,0.328226842346225,0.119884385733589,0.183488878952823,0.0939512908197688,0.0837234358408825,0.10421065889557,0.153433506994393,0.371744661285104,0.262571330510356,0.210757073440195,0.200131685038392,0.212523081110627,0.0434098627149359,0.244776092639782,0.229777485848137,0.111685331711,0.106010122930999,0.111791009060969,0.15219688892138,0.144585102906852,0.255851261456557,0.160597541179064,0.0336549235044286,0.0727932560012466,0.309304710783744,0.350533518008445,0.0305252456407869,0.153155420915091,0.257991342149056,0.0354834039954256,0.147353008290694,0.241002398628202,0.245721236200951,0.248102666908543,0.158515914478994,0.0513596384288539,0.0935826825034817,0.274990449903988,0.0644140916241626,0.53115991799157,0.0568604505139841,0.366913281898159,0.0797189932254692,0.164898052030142,0.0341441198529474,0.157232548321605,0.0434687063201383,0.431986370359829,0.495900050588958,0.146994717614024,0.0853798493750808,0.0765737911183517,0.168761571487503,0.0856226547221416,0.00970540311846505,0.304213125162484,0.189825571705221,0.334355835398727,0.201855852049355,0.0553003007404954,0.246642748471593,0.177025023924656,0.125895577523699,0.188197176270376,0.139520132051559,0.0454975324403606,0.405642177046593,0.160110590763556,0.151774514904533,0.153210363969077,0.0587284698104233,0.00397372038393873,0.326605030666468,0.0192831895521618,0.238655215112593,0.301426327423361,0.297625210251506,0.103868621732997,0.164673826651554,0.223967463481816,0.225859474600239,0.121835070071108,0.162359312970829,0.185783856867459,0.0582250051008984,0.250928581156671,0.24627778820892,0.238641897848595,0.0702303230792706,0.287197714432182,0.244740764162351,0.140551661025375,0.241541086402757,0.206086252735794,0.11241124632008,44,45,97.8,13.7,-0.070101463251894,0.647250251621811,0.959370452745787,-0.196423349401305,0.196604318945455,0.896808399961196,-0.119975253051067,0.433757601380969,0.940259396295893,-0.0830489069469093,0.42373203496333,0.925285699221072,14.593
"74","Gemella (RSV35)",0.147084850342339,0.0256062050265408,0.135067427225083,0.163959029733674,0.306934081537778,0.0776479169038375,0.296097707830989,0.0520670672034724,0.134859666567569,0.0595201858728946,0.134489588223552,0.160516464525004,0.0822347072437549,0.122098787672597,0.0201043923570021,0.202429438833186,0.160897227983938,0.0529161225996169,0.0871586942086488,0.0490407984615282,0.0658277611120642,0.159129774157698,0.0192508082107861,0.135380984840423,0.153907645394237,0.125744385680712,0.101239032204921,0.0682762010885503,0.212004513099228,0.157217234587039,0.178768930625808,0.0342703652187464,0.0509186151551865,0.112518346894813,0.190315654206664,-0.0435832946641816,0.340367011611481,0.139985475714151,0.223373904548573,0.13025627497706,0.0254752994843894,0.448839021226134,0.0787257663483115,0.158834359558995,0.0777230449946396,0.0391778895370461,0.0526859934342857,0.265363481261381,0.182213242789254,0.0636400363084856,0.120714569357493,0.178087598890233,0.0174366092442443,0.123043573299169,0.157014989584941,0.055860628123817,0.098847351871401,0.0217583552866813,0.153196697565592,0.159163048909616,0.125288826353484,0.505310393945124,-0.0188595983609591,0.160930817405598,0.102844376217516,0.310318377039258,0.251490864685749,0.00559236520719887,0.169812986793372,0.0407313278395754,0.280038280809516,0.237379828801177,-0.00633270289270946,0.0742304989896446,0.081046067707006,0.0845729380378649,0.149876916797768,0.0191200333951492,0.141444477359625,0.155006791246648,0.253343149507015,0.180929748075378,0.0729072290376548,0.212467016519447,0.13944216586674,0.0909366597649574,0.120523091093537,0.0727195104502356,0.203113629067607,0.126801819518982,0.134172476172087,0.170966589674939,0.108219178157026,0.0229479233616255,0.173939962469424,0.157032139281128,0.0370368028047371,0.0823737342898947,0.181609227124496,0.256532591623501,0.130059124484064,0.07194310844098,39,45,86.7,6.5,0.202513395459822,0.182156416009933,0.887252984643779,0.11447072061512,0.460164783886555,0.936975807039746,0.157172389030871,0.305195194762902,0.93090742564249,0.116006076909663,0.264611252631468,0.909318607137394,6.795
"73","Gemella (RSV2467)",0.0560211893343059,0.175745779541502,0.0260286102508826,0.0734713588127138,0.0457278860116788,0.0338916694739245,0.23579009746762,0.137966923949285,0,0.120090378733276,0,0.206006173582092,0.0575005165658932,0.17160919817836,0.0222735186560506,0.167067029852281,0.151320396296295,0.12685129885338,0,0.145447074955839,0.178700839004636,0.031041564061767,0.174184373499093,0,0.074428792121733,0.0728075304456503,0.131949007842428,0.231813762526099,0.156289279089063,0,0.19086042194467,0,0.115627748153138,0.37044408711494,0.025090252935644,0.0493949385908991,0.0405590335442153,0.088288139978894,0.237773571710098,0.0602902771674352,0.15561033023298,0.185340761205499,0,0.307339814816255,0.00330663140365043,0.000328871465574477,0.130253276591764,0.160770741787476,0.0588064882309399,0.237468038686676,0.182473311706989,0.00547376241755668,0.379727037797111,0.0612518338975439,0.0388633230160633,0.0408473876274652,0.268144532249184,0.114262174070881,0.0287999497023283,0.029701401804476,0.0674896614421863,0.114474955199135,0.0531873962050035,0.0676989245382955,0.103177723507735,0.181342787294102,0.000673684240046703,0.1162029707875,0.18182080121191,0.0853982968941434,0.156020460602456,0.0271936258402527,0.0663170831850383,0.0466797400088275,0.170309910267871,0.299468787106887,0.050069483437286,0,0.137525967302234,0.0873471152995577,0.0571323014217011,0.0543807248047991,0.148329449558272,0.244015236686109,0.0106731149472488,0.127301885991886,0.180438412087187,0.176337592457431,0.0014838705724089,0.011615312368546,0,0.198769045455986,0.179781197722837,0.200732440611349,0,0.00049666114441288,0.110386831011933,0.0538582875274868,0.255359567192757,0.034465535904096,0.065283729234086,0.0638803204339735,4,45,8.9,0,-0.474016474760904,0.00100438963798899,0.194851589769864,-0.322597815059777,0.083198905221361,0.652284198395294,-0.262175313581944,0.171867158028973,0.785148607245681,-0.181256531397071,0.184232955853483,0.773977382759854,0.011
"180","Streptococcus (RSV91)",0.0382101853387152,0.025720266183696,-0.00510278498558882,0.00731930118556408,0.0605214169670891,0.00532153313915425,0.0358452827899733,0.00814246781813216,0.00421393447937469,0.0203093554797933,0.019744536461126,0.0733945087363296,0.00308914579766122,0.0338275688790155,0.00854118580589984,0.0283615900330877,0.0430607430026056,0.0181449142102232,0.00755585790165279,0.00130733499615248,0.00172000752616394,0.00386760886780334,0.0155347320559376,-0.00154878801492314,0.0135414375800883,0.0134766459253566,-0.00471190937766661,0.0016954185436626,0.00267276682646177,0.000982890748543489,0.0219995630609922,0.0067785871256953,0.0165800350370686,0.0150759103512058,-0.00704698754570696,0.00223741968728216,0.0241310450919047,0.0140410849672449,0.0130775444763856,0.0210255489414593,0.0351946182251948,0.00409968230826064,0.0042496578652191,0.00338564917276461,0.0153674284249153,-0.00308028071256409,0.00709778463213862,0.0187181343767335,-0.00760295865340466,0.102189964298484,0.0602895028091008,-0.00733894284931551,-0.0136923711418555,0.00430915316057664,0.0473294376257129,0.0225895317570927,0.0567342222146136,0.0129402280013044,0.00398444165484348,0.00734620471040749,0.00982902262130068,0.0047647256285763,0.0185324168055818,0.0445073279336664,0.00188871646004137,0.0124603031547018,0.00455391045065223,-0.00115837731823364,0.0332074357360964,0.0166958902798658,-0.00409461554342234,0.0216054174385361,0.00576443096128635,0.0449872329751635,0.048729241310171,0.0218923042127954,0.00268036688175169,0.0875619295831537,0.00121284486306044,0.0142469532431024,0.0146091116802375,0.108450605428884,-0.00451725886434107,0.0274955770072258,-0.00137101774466611,0.0310412344363177,-0.00427080289420107,0.0102588638344135,0.0488637719782736,0.000133342384717866,0.00379423611295663,0.00482781591200656,0.0646206163018656,0.00528112150077962,0.0282744047364276,0.00960553116422613,0.0260848816504593,0.0111718674511868,0.0173412141305156,0.0241738101413244,0.0212093279421912,0.0262055312970084,7,45,15.6,3.9,-0.31018684288536,0.0381073189931845,0.845594143971083,-0.292593373420858,0.0786647330001016,0.736908647095987,-0.196271949589056,0.288940168837312,0.865212363833369,-0.135843606071895,0.287493837204449,0.849253274018358,4.13
"191","Veillonella (RSV213)",0.019281685335751,0,0.000848160571682384,0.0269688339846848,0.031406157815617,0.0141697803259188,0.00239147817434014,0.0227975639581473,0.00858493865467512,0.00167924048277301,0.00191646313652462,0.0558085924640769,0.00914961410562654,0.0143817434067904,0,0.0179139248376387,0.0131488288728774,0,0.0493013050818794,0.0198565435303079,0,0.00228884656235063,0.0379072733446695,0.00627069300452207,0.0362461454107749,0.0506559404997806,0.0329550004473534,0.00911262005126022,0.00160546942217759,-0.000434530901649531,0.0170913092493708,0.0120236997471118,0.0191012900036215,-0.000724994477162612,0.0128394939435565,0.0265706129909743,0.00429514625287154,0.0107860695280602,0.0140885357752136,-0.000377287189748719,-0.000924304360848016,0.0356470798309956,0.080264845821553,0,0.00239556916602368,0.00107143530521886,0.00177992587213997,0.0392843796126486,0.0169004917511179,0.0163368572483201,0.00455877201354188,0.024093911372484,0,0.0162526970505333,0.0431043565002535,0.0269987615244017,0.0254602161459149,0.000629295252290377,0.00410036617551592,0.0106876336598294,0.0237389861877669,0.00552013504994237,0.00580286070994476,0.0038863858743342,0.0120935443172507,0.0160353711551263,0.00270896055006144,0,0.00349026543787849,0.0403415750476296,0.0379231192227245,0.00632106363384839,0,0.0229548675437917,0.0293474890239,0.000248269278660487,0.00429406116976145,0.0136717605589429,0.0419241118844272,0.0220668888182648,0,0.0166521818089833,0.0096607550507177,0.0256361803572026,0.00359532141383012,0.00470245723805185,0.000462580239441578,0.00177897265115294,0.0228766188929675,0.021696850781714,0.0144599703015816,0.0367983049503819,0.0170393365632231,0,0.0151408428014147,0.00217737765255433,-0.000251488200987459,0.0148792877529259,0.0195201216654079,0.0390733639180774,0.017854802789407,0.0146771403944087,4,45,8.9,0.1,0.371793327332173,0.0119117023483413,0.77029008519274,0.313064751758258,0.0715189379805841,0.69060677054727,0.178113471700484,0.327144955200199,0.882912458365958,0.125094984693156,0.314728228221614,0.869687133325242,0.121
"144","Staphylococcus (RSV23)",-0.00316296319088025,-0.00721052629324586,0.0198564703954084,0.0388803477528113,0.0256539914371103,0.0360427467398831,0.00577170661253566,0.0172925753355457,-0.0011764308206621,-0.00148043485460377,0.0147803066150757,0.0194993911405581,0.042456750521626,-0.00170133270752498,-0.000317663198366903,-0.0106208001940539,0.0331022946587039,0.0233420725985271,0.00320382282167856,0.0201937154963522,0.0374095100538867,0.00553953005631903,0.00382238750175398,0.0125362080353749,0.00222418225214412,-0.0104426313241878,0.0135081561588116,0.00820870940810458,0.0214378572202564,-0.0106304615858123,0.00631384684167117,-0.00367399626027977,0.0373353424807141,-0.0179504878502651,0.0163371599102192,0.00748717009602264,-0.0018237303238189,0.0204349579591381,0.0252533086337708,0.00593404393927399,0.000956402033925445,0.0238702722427168,-0.00301841271729422,0.00134711696747061,0.0242637667456931,-0.00143053399276997,0.0369456661733646,0.0124971573429994,0.0128829287448417,-0.00512053829911152,0.00128362448967532,0.0280821041746437,0.00037341048028797,0.00114089172379895,0.0109492778398957,-0.00161578416915272,0.00630203959260794,-0.00290161031915139,0.0328359226262023,0.0494415192625606,0.0258608405540249,0.0260691425933825,-0.0011690311787675,0.0605933662681543,0.0321091146950538,0.0278763093879738,0.012468590223025,0.000323895911792288,0.0373239084745664,0.00652982974757693,0.0431478325123079,0.0111440358664025,0.0129492824731451,0.0199502069089723,0.0206726066315401,0.00251831501118929,0.0284918564006749,-0.0047245976880782,0.0113336542400841,0.0244788291713289,-0.0142513773814703,0.0189288471716024,0.00219223569743199,0.00406070251284709,0.0216056002354855,0.0276838011514624,0.00399884256713728,0.00355314182906163,-0.00676818085431337,0.0470559808252938,0.0942342501243067,0.00321334657176356,-0.00465019021284357,0.0020293447947686,0.0258868854384819,0.0165289179588957,0.0167885345164156,0.00562870167185847,0.000533953850567995,0.0380556395674847,0.01769215226288,0.0167126876759717,14,45,31.1,5.9,-0.158344434645378,0.298856714163054,0.887252984643779,-0.168972040549425,0.290198041322957,0.902852825646085,-0.118162390668745,0.465134350018798,0.938267426638012,-0.0933707448297284,0.405691122041124,0.917029796113223,6.087
"69","Finegoldia (RSV508)",0.0114303702416881,0.0305761907032562,0.00155125388188749,0.0125566776740145,0.00371336300911505,0.0411475061363575,0.00437297680844866,0.0164825323170312,-0.00333737647779435,0.0243553337555935,0.0227680143136576,0.00835495611168405,-0.005710862911854,0.0225198317474586,0.00792644680362008,0.0257672244373297,0.00558026897731048,0.000894374021383269,0.0437142648851825,0.0474702138782342,-0.00745196079266306,0.00313721784606503,0.0568501105174633,0.0131544585424885,0.000682040398220868,0.017585442652104,0.0749673928097789,0.00244781178881625,0.00941952058143583,-0.00442159484510139,0.0278545164876861,-0.0035893136919418,0.0140775678196219,0.0105036136724398,0.0326765898272618,0.00178841720622575,0.0220741067968572,0.00550815826137194,0.0208760214039458,0.0200766654067858,0.00592674416832628,0.00590738987175757,0.00395023773121488,0.0134376457112654,0.00245567555694287,0.0276969271105907,0.00257063760019535,0.0137669672035745,0.0178652570643825,-0.0062745177427091,0.0198280832961153,0.0234882759135394,0.0125096827622306,0.0746538766550011,0.0176726490203191,0.00396261078200391,0.0183169012464693,0.0164510385140713,0.036257305225001,0.00428496524738703,0.00315017081475084,0.0585606400007486,0.00397974272876872,0.0190639805330436,0.0352984039306716,-0.000682421262373459,0.0238923981854499,0.0739453782422013,0.00843853876957959,0.0289058009404917,0.000813548773608905,0.0103095013049986,0.0261454740419714,0.0461400883535834,0.00332674824507743,-0.00519626111570222,0.00326154803047786,-0.0103344581233477,0.0465075119209554,0.0198624314602439,0.0202343592377116,0.00326313086800686,0.0159358438383643,0.0086971761327226,0.00294493145563043,0.0276704940164835,0.0160180184932387,0.0221864092494259,0.0250108369535765,0.00329959141752372,0.0183745752019728,-0.00435238720014881,0.0367151104179875,0.0591921207831837,0.0489061438905271,0.0047555226064976,0.0131702775617277,0.0133755301154261,0.0199957862262888,0.0192447318514815,0.0156203306753659,0.0165101152259841,12,45,26.7,0,0.245268178742687,0.104392443385084,0.887252984643779,0.21602999673571,0.214344227493157,0.845895963074059,0.200738735436242,0.255263370677736,0.874194657973814,0.142514074045172,0.233868658598913,0.860090626346315,0.04
"156","Staphylococcus (RSV8)",-0.0489247078725495,-0.0163961263730127,-0.0148592883780622,-0.00166484242427105,-0.0117758620074891,-0.0359739402406105,-0.0367465017555385,0.00348483267313261,0.0345507556202437,0.0661038576021257,0.0139316832037378,-0.0387186567633245,-0.00591657085790555,0.0050186478431676,-0.0115859758020079,0.00312924681684365,-0.0148299031273718,-0.0181838724685449,0.0620278713618929,0.0166909525370595,-0.0248067352753252,-0.0028353655070997,0.000533545223479985,-0.0602035501888197,0.0061081685927716,0.0239795681239864,-0.0419458934792762,-0.0482639755389699,0.0389556927644941,-0.00763492202622888,-0.0167613600964821,0.0286967133354607,0.0102524652440401,0.0263567429224271,0.00204600834385056,0.0287384490761071,-0.0259643251177631,-0.0554850065792152,-0.040773177540222,0.0962076945070596,0.0542486749785287,-0.00734456039683871,-0.0267418515774263,0.010110171592066,-0.000543701319716166,0.109899130650359,-0.0357192936736942,-0.0183418314369127,-0.018097857944255,0.048345703278798,-0.0152581460796276,0.0383731427313213,0.053321126331283,-0.0264833146673569,-0.0202566556111638,0.00351346653418236,0.0291467067595111,0.0016768534929589,-0.0426010026657727,0.12097061832423,0.0395640269622479,-0.0147013593510466,0.0871491459646974,-0.0458231507872313,-0.0264158749627402,-0.0180530634127518,0.00336872303175779,-0.0380551646134107,-0.0197132363781134,0.0819974558697047,0.0568495120868477,-0.0390454952877406,-0.0298865187003154,-0.0510633740114338,-0.0338718702956387,0.00325959882608035,-0.0470237390981331,-0.0295128773506439,-0.0291575490601176,-0.0313984380611202,-0.0180808289249669,0.0134526693582297,0.00239061059938827,0.0313960688177415,-0.00468010701111978,0.0430905246029326,-0.00735882623879575,-0.0593485931333868,-0.0115942822944335,-0.00754610855281164,-0.0131483242548404,-0.0159279503515457,-0.0133550596633468,0.00932324218519746,0.00554272279706374,-0.0271904979542971,0.00535323303374063,-0.0284940191631964,-0.0205985166392014,-0.0299166581077982,0.0129193504047414,0.0452360342303791,28,45,62.2,3.4,-0.220394722806008,0.145722989605651,0.887252984643779,-0.178391577271174,0.258614225687768,0.901808994994521,-0.215346638448818,0.16628686818023,0.901087728803144,-0.152140412897602,0.151533041035888,0.878806959098672,3.714
"97","Lactococcus (RSV682)",-0.00487331778230926,0.00109065620299322,0.0103520482862136,0.0142268615971671,0.00305480236725812,-0.010039041960965,-0.000650977184426708,-0.00422002332010097,0.00431621193904168,0.00687478000502782,0.0153429812861956,-0.0252674024224646,-0.00515893897962447,-0.00230766994490538,0.0130820696457631,-0.00794912760405247,-0.00618895062686288,-0.00110874855715584,0.00631234487400544,-0.0056164462480426,0.000755471305389662,-0.0114316466240772,0.00556866219699326,0.00509925410226901,0.00437565641127322,0.0111885270777163,-0.00764439421800083,0.00540477660423266,0.00890817995080414,0.0019696719382967,0.00428581018729161,0.00410262338975693,-0.0132961067532854,-0.00562972232741424,0.0156613366015357,-0.00428879321005206,0.000930127120449029,-0.0026637467373782,-0.005571529632666,0.0430934338786884,0.00848220041015238,-0.0013477759843723,-0.0073702907052726,-0.00357943042529725,0.0195228625454221,0.0189377371920041,-0.00975584534867415,0.0300735482872254,0.00357240284160224,-0.00714724163367704,-0.00489892437380653,-0.0101934170394381,0.00253878592854077,0.00539822225186901,0.0611562594210892,-0.00198673038842933,-0.00854606384880136,-0.0207976980587626,0.0187546118890702,-0.00447753748800093,0.00457894886991398,0.0234923252474859,-0.00802085152114246,0.014655632302935,-0.00533573743135027,-0.00897526802890573,0.00158939588232521,0.000857906163417177,-0.00675996058088131,0.0300613292117788,0.00289937294827262,0.0159659406750916,0.00568150020506193,-0.00444594051052986,0.0121998795293071,0.00591226486674409,-0.00159935518620312,0.0283442316804305,-0.00438242183147372,0.00882922384088155,-0.00603113496128652,-0.00137943836330749,-0.00149041058449391,-0.0232168075952566,-0.010979199107974,-0.0111710862081141,-0.00664288019830361,0.00751836491128743,0.0352232141886372,-0.00083002230489676,0.013598725232089,0.00842138744167818,0.0191443121174291,-0.0020947560923124,0.0347600969891847,0.00128721720563587,0.0302713188521,0.00143338981099085,0.00898553555440437,0.00952458068659323,0.0114889899429079,0.0185191371057504,9,45,20,0,0.238172091080394,0.115137691112603,0.887252984643779,0.152121292068567,0.366075515022365,0.89283399754254,0.165767271501061,0.349609499762308,0.890436033969271,0.108403007963819,0.358667510041872,0.883105348629163,0.017
"174","Streptococcus (RSV335)",0.000278790659459496,0.0175032574918006,0.00960700413775178,-0.00061924298536346,0.0120561670650056,0.00477991433697172,0.0166530280564939,0.00238485596365969,-0.000395027375571188,0.00391472796155232,0.00212216189183723,0.00374131492538537,-0.000449803228062706,0.00736243148247297,0.0211301778294219,0.0159958881642606,0.00251020394680212,-0.0010654296649059,-0.00152601450143172,-4.4066393851864e-05,0.0102245857644919,0.0112234642790853,0.000495809015150909,-0.00298412341049515,0.00402604303214073,0.0124465203662078,0.00314054090881687,0,0.00952830275590526,0.00172963566341389,0.0067951384727409,-0.00568216132379156,0.00761049649369462,0,0.01704446905909,0.000183317577998052,0.00478758835732507,0.0170935166151106,0.00893718725132884,0.0397689733252637,0.0203065749057816,0.00761805943551501,-3.59246859115938e-05,0,0.035514776634523,-0.000572155164355201,-0.00330615278872984,0.0069595112766152,-0.000935261005448145,0.00585511277165255,0,0.00778151312731118,0,0,0.0307082060469498,0.000284231003602035,0.0211237829920301,0.00223806994477187,0.014481810110978,0.0202606163282955,0.00146551725391168,0.00472601943985788,0.00187699106447453,0.0349374824463164,0.0126749073279015,0.00469324660934883,0,0.00494104509040639,0.0291091303693033,0.00126750497992517,-0.00221640352645164,-0.00145674556338996,0.0149190229468256,0,0.0126127948829776,0.0186960414776267,0.000549367177470382,0.00207233290053928,0.0075837119708435,-0.00414712062230033,0,0.0370194085856651,-0.000644183513745536,-0.00531220170334952,0.00790138656883448,0.00664536072103606,0.015045564992352,0.0122591841710716,0,0,0.03001373317931,0.0033109784173974,0.00428974336781723,0.0121485860065979,-0.00184190818677368,0.00438570189087351,0.00466157786636428,0.00750520355882314,0.000126205884413684,0.00559766491876305,0.0113015034596392,0.012625655727942,4,45,8.9,0.5,-0.291989878034025,0.0516241087617809,0.887252984643779,-0.255310654830496,0.138087158079893,0.809321051513556,-0.132650877419908,0.430756219510117,0.904212332800495,-0.0913474749231421,0.42078542701299,0.892775111762381,0.519
"143","Staphylococcus (RSV155)",-0.021170818681445,0.0159157585139329,7.85064211841734e-05,0.000693324655617772,0.00235658867056281,0.000776799968144172,-0.000257923692201514,-0.0084190673691171,-0.000525945082143071,0.00376679398800738,0.0026807060230548,0.00617882000194707,-0.00890023194831277,0.0206895722293637,-0.00434123658468977,0.00178127189074615,0.00700229892995845,0.00149562973733369,0.0117451594421112,0.0308816764888236,0.00982185845065359,-0.00709060561733231,0.00472954722485344,0.00279648068062299,0.00862966045044505,0.00952428714879582,0.0172105205508292,0.0147163812518074,0.000329617844641892,0.000411437520369336,0.0318692340038214,0.00293403640954386,0.00497134493719734,0.010129165257854,-0.00123174660784182,-0.00175391293517697,0.0237320428007293,-0.000173540722741523,0.0243718189618338,0.0114358963720131,0.0485006797918514,-0.00294262075448382,0.00725024706494136,0.00322376810557297,0.0334083706979399,0.00277094762843367,0.0100637035981085,-0.00106427995892819,0.00918304868771162,0.00120624601816585,-0.00591743696472661,0.0123868616980459,0.00183607698139293,0.00440914932060693,0.0186801785379474,0.0151102623461405,0.00357915216071227,0.00386594905403365,0.0127982520548513,0.0022793866700323,-0.00460153353826613,-0.00857340360624266,0.00295531429125382,0.000469462156379651,0.0470160519736496,-0.00130481062824621,0.00519097408832596,-0.00230802176447591,0.000647967449245801,0.00697391009551182,-0.00382537931588514,-0.0041543075493804,0.0330625124250378,-0.0165957704847571,0.0280388191248166,0.00165092958024508,0.0125642173818484,0.0134605357020941,-0.00814438694312638,-0.000625873827299615,0.0209343537006984,0.0114387784161779,-0.00549963949131866,0.00299136042037421,0.0171919151945263,0.00786829715720942,0.00171404156841273,0.117205251346533,-0.00563706150904635,-0.00373415763815822,-0.0036665538039476,0.0101985654471848,0.000393533703092759,0.000884869205973737,-0.00260434655432791,-0.00577095111501142,0.00840612681333262,-0.000875595209845219,0.0136535856343737,0.00623551112588473,0.0102987540858189,0.0144195002373977,10,45,22.2,0,0.256562490428188,0.0888961163118269,0.887252984643779,0.217923916705518,0.21375866288335,0.838724844198732,0.213864229686442,0.230798896378581,0.858952096201341,0.149721973087386,0.223482972248689,0.844575461409822,0.035
"46","Corynebacterium_1 (RSV794)",0.0162954555546828,0.0178872288971433,0.00246266472301359,-0.00104263467887396,0.0063378616337066,0,0.00152651717485887,0.0055259314287076,-4.20610518457298e-05,0.013564099317304,0.0249450286327134,0.00563024271262346,0,0.0116284768026133,0.0165436842941585,0.0113016079074147,0.00251574508835125,0.00538333804464728,0.000253875653275019,-0.00316944811346723,0.017410809004789,0.0058009343383389,0.0130412590685069,0.00259218555776391,-0.000317584431390176,0.0264941982709635,0.0114517042787044,0.00815574271327619,0.0270357632828449,-0.000336026267542087,0.0159380167145061,0.0616308935835823,0.00343205108506943,0.00119645642417456,0.00507108585074655,-0.000435568175689743,0.00902546641284633,0.0245115936214976,0.0123514624829977,0.0359709096950229,-0.000120162446547488,0.00625943536628174,0.0087451860835234,0.000321805446072487,0.00428833466063829,0.00528965333724484,0.0323938795692972,0.0167005098714788,0.00157154998133274,0.000214256321636827,0.021536224573388,0.00309003050553064,-0.000975495339691103,0.00445103905976193,0.00989917857205482,0.015705578735319,0.0316314729186033,7.27899735972697e-05,0.00745038853414973,0.00197509909278843,0,0.00265178037612955,0.00763043196505033,0.0233441459372534,0.00853301954743488,0.0215419892633248,-0.00087700561132433,-8.58690544465034e-05,0.0219528954224376,-0.00247396571874786,-0.000730062476597645,0.0185869986514675,0.00296008610516782,0.0267703599267135,0.0129752836721691,0.0127622659478015,0,0.0266354442211285,0.00536917150512637,0.00281543052427222,0.0253692426390493,0.0241840497528345,0.00494698433372772,0.0146190095144053,0,0.0123725735545165,0.0060644857514995,0.0199012296292575,0.0114400490995618,8.23078081123223e-05,0.00415637918031762,-0.00217469630084251,-0.000123641021758555,0.0210353219566299,0.0338873779264102,0.00153540128103716,-0.00364480154016084,-0.0021114894971531,0,0.0205313873528697,0.00831961458690891,0.0112129049826543,5,45,11.1,0,-0.266865507157672,0.0763769419222773,0.887252984643779,-0.207127499354104,0.264420594146763,0.84142789862041,-0.125151330313029,0.418861855877338,0.906554147003626,-0.0894348525895723,0.408267041393124,0.895164278872031,0.009
"138","Sphingomonas (RSV773)",-0.000166650059204356,0.0094612120993959,0.0190388630348661,0.00195788566975533,0,0.0162170989313796,0.00690971722896586,0.00897267896196054,0,0.0200395593955954,0,0.0107945629794199,0.0147493580057064,0,0.00132451670593189,0.0102316729324607,0.00545212344448395,0.00898405741523894,0,0.0186176562435836,0.00906542877257312,0.0059375263543842,0.0143511960715694,0,0.00917920376090343,0.00692538381595914,0.00232674864120647,0,0.0144582716061768,0,0.016296185564307,0,-0.00115142362714386,0,0.00577189566840328,0.0164268956523785,0,0.0160504744506415,0,-0.000167750138086393,0.0204724474655147,0.01141019012739,0.000270101631802781,0.0349376913151823,0,0,0.00844210395138094,0.01698252229549,0,0.0124974527346666,0.0185738153569267,0.0121501534779335,0.0107215379118172,0,0.00144494921214532,0,0.00823252649414701,0.000518605999425073,0.00169938884615564,0.00702554696318426,0.0224954983255772,0.0026252889794948,0,0.00491899151555403,0,0,0,0.00824342774925404,0.0160107507308294,-0.00091164945489362,0.0232900566934462,0.000504310952418026,0.0052239611240401,0.000609482494210143,0.0101101086519479,0,0.0219756630001341,0,0.0140836261425869,0.00714668015276608,0,0,0.0132009775207817,0,0.0322037789839348,0.00692338218053408,0.00115343747467125,0.0050846764001975,0,0.0201341836926891,0.0221093514779276,0.0123389629941201,0.0215950529989528,0,0,0,-0.0003353160947827,0.0258796322347803,0,-0.00022330215152217,0.00720964152106248,0.00926864846561277,3,45,6.7,0,-0.353144198846592,0.0173346494524179,0.840730498442268,-0.205633494219046,0.270846744830128,0.834139257053411,-0.179394108159092,0.332861852547092,0.871796569084595,-0.123055907990424,0.337950595240881,0.862896118624879,0.006
"39","Comamonas (RSV714)",-0.00271982967412817,-0.00768283988752226,-0.0230723070251537,0.10856549112073,-0.00436478714745583,-0.0286433261106614,-0.00805870969281964,0.00751356001452015,-0.0145046362001976,0.0134603342423791,0.0221515920854056,0.0250963489680006,-0.0204631385906182,0.00946033493007169,-0.00956999628381854,-0.0115314195287693,5.53904204089344e-05,0.0562656931541793,-0.00793945920275822,0.070249185043364,0.0112972460055928,-0.00632505760052706,-0.0056109436865944,0.131313897767259,0.0197801599136467,0.129748884498288,-0.00587925313460595,-0.00921543025347615,0,-0.0150344593546247,0.0342552889116658,0.0198356350722887,-0.0126697333150693,0.0407257431986541,-0.00536273043867635,-0.0178390226643682,0.0150319111040046,0,0.0332574590160446,-0.00374275436040484,0.028677649291507,-0.000298039023093924,0,0.00225126318953712,0.0194535937964225,-0.0161994186846594,0,0.00451429594881979,-0.0108165534334272,0.0221539831578875,0.00782733749027906,0.00199863698288954,-0.00206400731909302,-0.0237349308882067,0.00397301997114121,-0.0137052402777996,0.0400203706908785,0.0805940454157479,-0.00922972496856251,-0.0126486376487122,-0.00418992736107313,0.00276104625736383,0.0165550156115305,0.00375555950354776,0.0366742195459167,-0.005610905513131,0.0257406466127729,0.0557972290780084,-0.013832622695015,-0.00152409463775708,0,-0.0220138587496524,0.0327112260902355,-0.0280937551506011,0.00385281880552433,0.0113368099040436,-0.0107511450413733,-0.0118779023491185,-0.00265974497805593,0.020733224847051,0.0190009419192692,-0.0275871787374523,0.03187515775813,0.000836181961971288,0.0148989174262733,0.00997338481268476,0.0221096434402313,-0.00672750372258107,-0.0242431522145674,0,0.0262342671703488,-0.00827114009960387,0.0039333911775102,-0.014202186150943,-0.0100191353287766,0.0873152572749297,-0.0111522642334445,0.00233357645501799,0.000337128036584387,-0.0224600368820192,0.00702514123336805,0.0212301049041841,5,45,11.1,0,0.305627420188266,0.0411855998512325,0.845594143971083,0.228699700197962,0.222033531362182,0.809279393046378,0.203290743298692,0.282938057975831,0.862039760619755,0.14271956239506,0.279665050275644,0.839372903445775,0.003
"33","Blautia (RSV133)",-1.25297282139898e-05,0.00491256734911805,0.011062828821188,0.0112724270438066,-0.000610387405780787,0.00338705011165429,0.00820575901639848,0.0129409954045903,0.00659494427996645,-4.30439719499568e-05,0.00520861613182934,0.0072164787301437,0.0083918587059579,-0.0012142134369253,0.00417939144301278,0.0012092380088368,0.00173668625874031,-0.00328206821950168,0.00365367395950477,0.00993175045490976,0.0107209503309039,-0.00500559934221721,0.0162062501830767,0.0017491997872742,0,0.000757785432946444,0.00569740749836407,0.010700311318113,0.00419309029850639,0.0085413173099516,0.00129805829427513,0.0154709725971216,0.00664475180515515,0.00734803402252969,0.00179646185089966,0.0107660999536982,0.00533136591431569,0.00451086463662204,0,0.0098599818298858,0.0106387100592109,0,0.0232720032975547,-0.00108839838238158,0.00598404102054031,0.00825156879980474,0.00909109538790919,0.0118406834727653,0.00189795987682822,-0.000290503584871468,0.0076054098881623,0.00888849099818192,0,-0.00182369373231651,0.012185374389464,0,0,0.00111423925353538,0.0363812206943541,0.00969069247614985,0.00671791764780585,0.0129183508448051,0.000725343149411034,0.0110119685168294,0.00174568321199875,0.00162700669536238,0.000529772566236486,0.00103146632163828,0.0139350651951158,0.014004619802129,0.000649583384698379,0.0336539030194588,0.00263772273574917,0.00586855547903691,0.00846807044604627,0.0012214791373986,0.0189419999838228,0.0103843107452209,0.0209755725412647,0.00287566002189485,0.0145823355615021,0.0165164500308271,0,0.00373986954953122,0.0129148109576588,0.0181857004032218,0.0282074230314268,0.0019242853475075,-0.00383239024716516,0.00394763361866787,0.00954298107022544,0.00162437415608067,0.00179672766220652,0.0237662970596093,0.00230638760409568,0.00893941689249084,0.00617739846851871,0.00339313042049863,0.0077162239891002,0.00353033374011882,0.00555091376074108,0.00476405630903266,5,45,11.1,0,0.169352802574441,0.266077515740504,0.887252984643779,0.100491248110151,0.474000910307113,0.907172854477332,0.0907944483439158,0.471498400410573,0.917831925587948,0.0645865690493094,0.464630851669878,0.910148200803177,0.003
"158","Staphylococcus (RSV99)",0.00383986615160307,0,0.00532789769794843,0.00688578776706798,0.000252038362265538,0.0103372097986025,0.000414704522800361,0.000109525157101314,0.00928434054640263,0.000444394963998743,0.0153398367210655,0.00797417814005429,0.00834805445310362,0,0.00108194594358456,-0.000942754187527027,0.00036179257567285,0.000704638104730899,0.00454579921414958,0.0004101694893238,0.00911358262796569,0.00487521554851282,0.00183791212913114,0.0144121131150918,0.00462238944204628,0.003180329265904,0.00367954690409,0.00390240990517454,-0.00154904365351303,0.00707790818948462,0.0050751097232015,0.0040121226994675,0.00110512867552775,0,0.00477979315413088,0.00781084045128913,0.00844596926871955,0.00568719708633548,0,-0.000484712210115369,-0.000162901530543883,-0.000474792937074453,0.00643861338513243,-0.00228896512410826,0.00886589814449211,0.0156048027135288,-0.000903227145013321,0.00166321366765092,-0.00325499935663628,0.00149037557942196,0.00281615900782049,0.000676305395119035,0.00701740236798103,0.00925262998660149,0.0049191974694987,0.00735096416399648,0.000396030143253022,-0.000727908808574084,0.00207220700224036,0.00364377019887243,0.0118415049341452,0.000613805939166128,0.000135212496703304,-0.000753336566394259,0.00744075432404646,-0.00286038852131474,0.00520543904471495,-0.000310420200669857,0.0118941347710427,-0.000889837138807196,0.00368859763905967,0.00619671292014323,0.00066319075936282,0.000867497587064932,0,0.00039650908424717,0.00861998457116451,0.0031558643389226,-0.000690452228147015,0.00196381088937621,-0.000260882283891858,0.000727323481242195,-0.000570440942328226,0.00503350291041904,0.0173369223726644,0.00170513410857501,0.000257247125583778,-0.00164893109236799,0.0069615935708707,0.0313924009994826,0.00445048571386601,0.00557453780081863,0.000607519631959442,0.00618783325566486,0.000327708993816182,0.00985201723454476,0.0066738244440462,-0.00197928886506622,-0.000356556590149587,0.000762876210882911,0.00477189026892329,0.0076288268126112,4,45,8.9,0.1,-0.198040666820153,0.19220867494183,0.887252984643779,-0.12179980190198,0.443500934114443,0.90458987051084,-0.0833638744225082,0.515823454013941,0.930058376933378,-0.0589593496216162,0.519845995332042,0.921865944483915,0.146
"140","Staphylococcus (RSV105)",0,0.00719208155049136,-0.00253866337306407,-0.000615822584719111,-0.000451635028033166,-0.0125687842401888,-0.00935349234741839,0.00784705766974954,0.00599246606491672,0.0079168753990061,0.0111020363145891,-0.00390849731458697,0.0138995692796744,0.00504011025088739,0.0159919688855174,0.00939449211499901,0.0140920468711424,0.00396533151876663,0.000401549650147719,0.0152158975957253,-0.0113268333294343,-0.000100908107054987,-0.00867420663743568,-0.000397110367709403,0.0310973840021326,0.0168921203634651,0.00431293164377148,0.00896474388840926,0.00383977378514381,0,0.00770739821916535,0.00055543178946434,0.0063304502476111,-0.00447743677783232,0.00230900090894464,0.00745419833526131,1.67179058803626e-05,0.00923005578523703,0.00515410857189899,0.0228469972956375,0.00164309606201276,0.0048632020955153,0.0010395166229398,-0.00448235161919738,0.00225456883078121,0,0.0131476157136519,0.00994082162652627,-0.00536867858795926,-0.00961797475886663,0.0205560926796181,-0.0047198569682409,-0.0018087420721567,0.00224301142631258,0.00128371302499845,0.0104724216787435,0.00174942982256508,0.036060506890171,-0.00293183224799576,0.00102881536573527,0.00703602571953875,-0.000125994587297281,0.000505159692049954,0.0213456608805322,-0.010654914650901,0.00322876606043083,0.00101816622277585,-0.0064814429276753,0.0137077266706071,-0.00399329624642559,0.02018136639153,0.000131913057049407,0.00427713191698957,0,-0.0057895674144905,0.00147186966779131,0.0139185305010265,0.0142422373885317,0.00277278737532549,0.00612931202084026,4.18589261623831e-05,0.0460230930333749,0.00127614720736617,0.00334938387143068,0.0116043131667886,-0.0021977868334222,0.00220086916441113,0.00307006387764763,0.00192994495605379,-0.00121202116948695,0.00457388961079513,0.00586625872774064,-0.00100498855359729,0.000894724012823517,-0.00180456739035761,0.00233481040380203,0.0109352210402598,-0.0028279591717992,0.024564177873449,-0.00206028897006019,0.00410472904337429,0.0106425708245442,6,45,13.3,0.2,-0.225457432784709,0.136460334723947,0.887252984643779,-0.17437656247151,0.312863848797705,0.883925844590066,-0.123464060895297,0.446504650982951,0.915074539470489,-0.0843292574346709,0.439700450681848,0.900776907489437,0.176
"154","Staphylococcus (RSV688)",0,0.00263068652746166,-0.00172276724893623,0.00263211580499969,0.00153383945526298,-0.000313750007192525,0,0.00689290523031266,0.000127718157506486,0.00427316523863999,0.00193781143629953,0.000893050399349869,0.00854242475608121,0.00123804187833831,0.00327096798896701,0.00389841143370463,0.00719230685005536,-0.00110802583592362,0.00124784865078652,0.00517758103271317,-0.000785122137744187,-0.00315620831939709,-0.000134306538735971,0.00264290400357752,-0.00739222190862366,0.0157785385723651,0.0010348981861298,0,-0.000705680285248263,0,0.00431266433214893,0.00216486140272775,0.00161579764728544,0.0132630201718846,0.00581058737737117,0.00785419484091916,-0.000136953855560388,0.000675739640303319,0.000807315875777299,0.0100604209043253,0.00339156248748834,0.0117040654530075,6.09633114294155e-05,0.00409123075841255,0.00210508670611593,0,0.0103912843522568,0.00085832945857547,0.009356137356844,0.00144864100278014,-0.00248735003818804,0.0036827249436013,0.000896939357639233,0.000696146589219557,0.000152551193473272,-0.00070229842148073,0,0.0123072745980518,0.016221436140065,-0.000341063954656558,0.0168599879842319,0.000848870485813579,0.000172133810693759,0.000179766228451076,0,0,0,0.00389967993623636,0.00272934460688789,0.000781045304176008,-0.000642965622098074,0.00626149583826014,4.35761034047624e-05,0,0.0123398660701461,-0.00453158835008632,0.00563137974262657,-0.000355597264884996,0.00386885413770989,0.0123824107640776,0,0.0180121315079887,-0.000236626676628163,0.000687932577112954,0.00557039520245477,-0.00172921982907664,0,0.00684466686805897,-0.00155414683771111,0.0140376348710281,7.49572907410752e-05,0.00247971600090902,0.00582659812299084,-0.000288511528853615,-0.000349604609274188,0.00904834699384399,0.000114071280534936,0,0.00973980894926165,0.00363550673302096,0.00372484046859991,0.0052543214720775,4,45,8.9,0.1,-0.320815204201918,0.0316591595172031,0.845594143971083,-0.198249882784095,0.259928959323584,0.853947502220932,-0.151045099479718,0.364543771449662,0.88956502270937,-0.101922221544285,0.361401046517045,0.882216925498569,0.088
"63","Enterococcus (RSV24)",-7.28245130503472e-05,-0.00193993410409588,0.00233100372635818,0.000876851058999192,0.00723700767204775,-0.00774555768065696,-0.00348821526898086,-0.00128958043173965,-0.000168318483260827,0.000446148862931191,-8.80480271120916e-05,0.00356574487315918,-0.00186127725068639,0.000610741023745567,0.00143508456372295,-0.000348567327051579,0.00608265719401974,4.87741517472851e-05,-0.000312839509527542,0.00443383487656412,0.00173320377930753,-0.000265578813534648,-0.000873240116551703,-0.000829888399182563,0.00140113249283208,-0.00163591492722436,0,-0.00964463173928922,0.00186018434039268,0.0123724382778197,0,0.00120671183497665,0.00151305268816023,0.00102636403270329,0,1.95336960854969e-05,-0.00143682732883332,0.0011194657761844,0.00542462909243702,-0.000795133377717003,0.0020349287959677,0.00351634336937407,-0.000300019551884247,-0.00526136476001471,0.0114257805804497,-0.00529292038289321,5.15701786949745e-06,0.00316946431283921,0.00057223321449105,0.0178279457066476,0,-0.00105736996331474,-0.00360395226302042,0.000515987957127858,0.00585473473221046,0,-0.000253730299352577,0.011620588656862,-0.000716841031047157,-4.50006489717575e-05,0.0101184646091651,0.00134262295556629,0.00271986367392286,-0.00214933650582146,0,0.00513010440324027,0.00274157781674185,-0.000864636246783236,0,-0.000968738788502745,0.00235913958058419,-0.00145705380703508,-0.0017987632916516,-0.000973083420445339,0.000225757949567974,0.00198227132611437,-3.60292138415075e-05,-0.000536433501776967,0.000177333858758521,0.00497871037391,-0.000558946008015452,0,0.00544751273824634,-0.00168740338212185,0.00633111982006052,-0.00110093142798938,-0.000667587549986873,0.00215731473807856,8.49087726860888e-05,0.00429915025268566,-0.000460870884403422,-0.000504869307838177,0.00121662287211754,0.00131278896648168,-0.00402970092053055,0.00163108379295788,0.000311359769086034,0.00520825613826536,-0.000701288027064746,-0.00175590017735024,0.00353371861241887,0.00546062200164449,5,45,11.1,0,-0.19632367041472,0.196170122103644,0.887252984643779,-0.130328244588361,0.436810252288209,0.911266157111347,-0.119213459659291,0.425071924179752,0.922936773692681,-0.083412463258249,0.423619239669206,0.909973415929313,0.014
"184","Veillonella (RSV10)",0.000541113575457155,0.00149863681072233,0.00744166887126967,0,0.00233480640502456,0.0166689878411101,0.00108644847698792,-0.000423808604414741,0.00144455489111401,0,0,-9.54291007767779e-05,0.0057940126478891,-0.00279573815943945,0.000359985790298964,0.00286359778152052,-0.00107998408218526,-0.00164865346970914,0.0084750094879184,0,0.00628089832908902,0.00115919765456595,-0.000541056897347416,-4.79690715171687e-05,0.0019518705863981,-0.000642363587531934,-0.000532460273927757,-0.00065973528798619,0.000854051992316378,0.00959710920896834,0,-0.000279565607977666,0.00362303848070417,0.00627078198525047,0.0013246665362919,-0.000107920910525418,0.001160670118269,0,0.00234262414336872,0.00781955069362748,0.00560724222177273,-0.0010793323098195,0,-0.0014862321669004,-0.00281280109762226,0.000491245825937923,0.000870774766508871,0,0.00175869173617439,0.011174735767439,0.00393073899535241,0.000129405418606899,-7.77140620591398e-05,0.000225976903749701,0.000330609806409401,0.00253312736732508,-0.00330519667926327,0.00039022435602537,3.44509019148148e-05,0.0199371221302088,8.57671673181147e-05,0.00142751954629136,0.000283591571063315,0.013129565593549,0,-0.00889798178861656,0.0169403816910608,0,-0.000435728725265058,0.000311373411169545,0.0020943983065925,0,-0.000138524834862264,0.00517189675035022,0.00305434130379123,-0.00442347765106957,0.00298491057137345,-0.000584732547371729,0.00503405916935894,-0.000427625006936155,-0.00275851424791133,0.00293249040859609,-0.000791970564334286,0.000218310338912842,0.000595762991622292,0.00819929361731498,0.00380117131233141,-0.00115640090895833,0.00158051323462884,0,-8.03844916682329e-05,-0.00408644003804586,-0.000107385792690813,-2.506161227589e-05,0.00035862680695572,0,0.00302294570348282,0.00127655483884349,-0.0066901311801772,-0.000353387696318043,0.00277783738186644,0.00538355036863089,4,45,8.9,0,-0.199375172661259,0.18916913769215,0.887252984643779,-0.0909032260147799,0.479521420236452,0.920486038352671,-0.103262123705812,0.453141091998909,0.921425409348025,-0.068095677793545,0.456813407805531,0.910428958616672,0.004
"131","Rothia (RSV254)",-0.00841695298482771,-0.000198650441135087,0.000746531592547996,-0.00146531373702556,0.0387200218458175,0.000726697068132523,-0.0112139793209131,-0.00119930075831707,0.0155204292454709,0.000498247434841873,-0.0166816159651698,-0.0102167666838731,-0.00371839235267136,0.000552061295245775,-0.00211462376964356,-0.0137655905819393,-0.00501886689570822,-0.00546440720735565,0.0111848135868543,0.00130188616140436,0.00200629930749219,-0.00665430819736722,-0.0137258134737697,-0.00662633168871801,0.0092640767286013,-0.00699246527157191,0.0118323104342527,-0.00754380275722435,-0.00424021779979012,0.00238467499940725,-0.00672438644890711,-0.00300866162467025,0.00510544082534374,-0.00845708261417015,-0.0102266119015496,0.00106797530291113,0.0223848561125882,-0.00478130162798405,-0.0159808899989065,0.00998238034168542,-0.00911692163047754,-0.0013678066144235,-0.0317173437176113,0.000121965982348645,0.00911608007979346,0.000448913754304463,0.0101617361583499,-0.00980449752688096,0.0164111814924492,-0.010090104584746,-0.00123472272068895,-0.0158397334552393,-0.000357961023120014,-0.00476227845915033,0.00930118372699552,-0.00130534277469979,0.00678160453070956,0.00496508992515125,0.017653590391338,-0.0136506458020052,-0.00926754176682567,-0.00389410898769651,4.05065657222689e-05,0.00186882379401479,-0.00351870378245915,-0.00275619666225685,-0.00241308807970564,0.00404994434605795,0.00309777406630692,0,-0.00740506938695156,0.00228142105850974,0.00625033725675692,-0.00229736096039784,-0.00656415945748691,0.00338124150657286,0.00523344256727219,0.00434357800134317,0.00578106941128483,0.00206811389773581,0.0124754452008617,0,0.0010568869079617,0.00158347294602257,-0.00442852918996868,-0.0156671730933817,-0.0216477272013169,-0.00125621388289626,0.00245770615821451,-0.0201811602589538,-0.00918839603646246,-0.0153520721848939,0.00479249585849886,-0.00478523430524057,0.0290592155267672,-0.00720165463888175,-0.000214116629030265,0.00705829471018841,0.000868975200478176,0.0125510896248703,0.00267362158105536,0.0137741212957963,6,45,13.3,0,0.238837695857985,0.11409550388386,0.887252984643779,0.186502060121503,0.279240306349323,0.877002126633192,0.132548961817495,0.427505086400839,0.911000623640114,0.0864631749142737,0.437719887775685,0.90235262397523,0.046
"129","Romboutsia (RSV188)",0.00295427937049802,0,0.00625495701160807,0,0.015430363049997,0,0.00744312275762721,0,0.0122613519258377,0.0044949569608455,-0.000508618180507662,0.00982787409836135,0.00454636530554515,0.00221488792673788,0,0,0.000949662281253559,0,0.00217878212384622,0.00191061078456496,0.00102161258093505,0,0.0202839620964255,0,0.00158060169938136,0.0043236436398049,0,-9.85502692770979e-05,0.000918104441921564,0.00153285867219936,0.00252747705972056,0,0.0142770860324505,-0.000751782390168966,0,0,0.00368104588358713,0.00764915732878838,-6.52317130971426e-05,0,0.00288337053837058,0,0.0191007939338942,0.000298817846661015,0,0.00877581531927027,0,-0.00178074601418568,0.00836092119371276,0,0,0,0.00476911631718821,0.00211695128199468,0,0,0.00161501165637722,-0.00118378487016432,0,0.00742454451994719,0.00763541443245474,0.00279143540365239,-0.000512456891472039,-0.000741087014229028,0.00452414776139199,0,-0.000713483076597856,0,0.00189817116199161,0.00149635476346946,0,0.00102191737006795,0,0.0207537333128443,-0.000320083518703046,0.00191662349544149,0.00233427569569583,0,0.0189636294758738,0,0,0.0195092746472856,0,0,-9.45731101712255e-06,0.00838099940701419,0,0.00101268900533874,0,0.0126587762381496,0,0.0118820823123591,0,0.022740578852857,0.00261584909387672,0.004741276424764,0.0145797857873283,0,0,0,0.00266697613570515,0.00441030238777204,3,45,6.7,0,0.302259745690957,0.0435873270088187,0.845594143971083,0.176138905479045,0.322192215763209,0.863694680552203,0.137464588095511,0.398597544195129,0.915661382630772,0.0936868807526325,0.397610235529369,0.908194506531522,0.003
"135","Rothia (RSV577)",0.00455545524896536,0.00853653978400435,-0.00127016627190392,0.00632579249168375,0,0.0132452219792194,0.00704578686808261,0.0173208362305097,0,-0.00127186117900149,0.0046312718669914,0.00498836345888737,0.00178293359286637,0,0,0.00724438150455301,0.00116336877085602,0,0.00651650394849098,0.00186522930255449,0.000476287965922831,-0.000494783234692944,0,0.00765616621220263,0.00536366119103623,0.00458085551103858,0.000962535457097459,-0.000140836431811984,-0.000204892997196916,-0.000500425770686005,0.00134684422890025,-6.56048369677739e-05,0.0187539737538026,0,0.00632001804700699,0.00158575624791223,0.00205131177541307,0.00530944509932989,0.00337347886275689,-0.000493984272585544,0.000476113002355687,-0.00222206382664584,0.00398502904484309,0.00138537294484849,0.00162789529415633,0.0105837759348842,0.0281109938616353,0,0.00092293685125378,0.00293806393687969,0.00403639330871332,0.00582930365421186,0,-0.00220351225777311,-0.000132355156037818,0.00810821411205943,0.00266489203053249,-0.000397771108671734,0.000381261977069716,0.00267680340725855,0.006082003439503,0.00161569109904824,0,-0.00116710928729167,-0.000186428866679803,-0.000421811299824714,0.0055776276961341,0.00565183445311003,0.00282552872092602,0.00274768034932831,0.000210738752368969,0.000479986177282326,0.00471082006119903,-0.000498155045205126,0.00415458669109896,0,0.000609038213906966,-0.000819467155992754,0.00964452946494166,0.002296065820963,-0.00148998411798476,0.00335135667856897,0.00185336143406518,0.0123106669052035,0.0013486595668237,0.0149522384846676,0.000119646251313658,0.00920401407823658,0.00681882640622173,0.000394463192336875,0.00465817461517232,0,0.00673990914447833,0.00230147151228,0.0142911131278211,-0.000128602250873679,0.0244562473362494,0,0.00886528621155027,0.0092339027057598,0.00263365436940167,0.00380883575813418,4,45,8.9,0,0.231136411679585,0.126599869479488,0.887252984643779,0.210727517135846,0.234736100495063,0.836190821113653,0.219702243638825,0.232168380488601,0.828502614949017,0.148773565318673,0.23601596079902,0.833157224534479,0.003
"15","Acinetobacter (RSV451)",-0.00911469411112432,-0.00593971655023442,-0.010423215832022,-0.00700558409515508,0.00813363688284098,0.00218118902498209,-0.00708752998869934,-0.016979671836396,-0.0013606594193518,0.0134577051805044,0.00713994875287174,-0.0114677505878487,-0.000887968207340493,-0.00284663401821322,0.00765545736993486,-0.00728554316158537,-0.0104080810713671,-0.00511191177031573,0.000810858116607066,0.00362961467349127,-0.00491577254978312,-0.000719197269083347,-0.00101925600032882,-0.0102140573339583,0.00177765701492167,0.00641382024905425,-0.0101724581424767,-0.00781810993424045,0.00302874575486156,-0.0020037865504385,-0.0132178525143033,-0.00315513328795674,8.98765906801016e-05,0.00282674347761276,-0.00259796509710618,-0.0152612362799035,-0.00351091408859426,-0.00111046049884244,-0.00450020688793184,0.00571830642049877,0.000560690041122076,6.44347698377462e-05,-0.0299616937344194,-0.00827765887363236,-0.00711198905455112,0.00120656836615793,0.00396624775510502,-0.0117304496017055,0.00761105386796655,0.00223067881035408,0.00590751762763447,-0.000457659342271613,0.00509838398620919,-0.0101502494841562,0.000191633266241024,-0.00940797351417148,-0.00328168608821129,-0.0155547580665211,-0.00395548998879226,0.0105201880662396,0.00385162465960944,-0.00430008913167137,-0.00197457524853953,0.00687104563881475,0.0093329634279895,-0.00706541374435801,-0.00680645366571156,0.001577281693225,-0.0133031191955501,-0.000795257318180995,-0.0109643941977108,0.00177688822767268,-0.0123539178189017,-0.00785573853974357,-0.002647048370643,0.00318468474254091,-0.0018816490166294,0.0093087282733619,-0.00126353554463375,-0.00197213867032655,-0.000286146462977176,0.000789924584181081,-0.0060660419533031,0.00380458766679313,-0.00104422623392206,-0.0018828890426052,-0.00802214879689728,-0.00663592595391998,-0.00470781716024621,-0.00609816259802138,-0.00703204155268073,0.00688575973990007,-0.00609340780034316,0.00410545787769855,-0.00133596170696723,-0.00386835945337159,-0.004290290509419,-0.00400698145287644,0.000986028962764693,0.00592718015588039,0.00214842428343698,0.00568214948529152,11,45,24.4,0.6,-0.0555613045958399,0.71697207860615,0.959370452745787,-0.0678470511858112,0.602279067630928,0.946011751768068,-0.0763481690644599,0.547739825787699,0.948324133415581,-0.0505817476646573,0.547104309033805,0.934607960586261,0.862
"31","Bifidobacterium (RSV1)",0.00385970377541513,-0.00264689486737607,0.000294182222247936,0.00141867464224783,-0.00998277294708757,-0.00140816708664057,-0.00273103101742442,0.0034675176375214,-0.00245284752884471,-0.00555747120092494,0.0191269460512329,0.00252848492429013,0.00347130154472611,-0.00730351460038401,0.0038604054962159,-0.0119737392873211,0.00638849370602088,0.00752341161862087,-0.00594926323005911,-0.00205753065765141,0.00216625338046102,-0.00399866690522001,-0.00538264570640399,0.00763715558156641,0.0400035115323417,0.0135023639809605,0.00964067507006074,-0.00791293628656942,-0.00409734308295667,0.000763298368007005,-0.00697783698879867,-0.00306444838853051,0.00141280438011446,0.000118620091522462,-0.00342152891621132,-0.00203962087253895,0.00267274850310716,0.00453826905281523,-0.019004047659548,0.013499664640707,0.00914581889090385,0.00147440364015845,0.00156640048239952,0.0207793616364605,-0.00616988135044752,0.000926050360777862,0.00745284255487171,-0.00523935975620197,0.0112206637396795,0.00765153355010157,0.00210594495540279,-0.00445313059438504,-0.00605870038752487,0.0077555020603109,-0.00641180432815604,-0.00606514159629106,-0.000214987757846729,0.00842741771358288,0.0196998040754878,-0.000348952627413191,0.0011765435099995,-0.00621883139739069,-0.00579268436305905,0.0194522752775449,-0.00164869893268162,0.0113663943847205,-0.00201838043533937,0.000741106391843304,0.0019450734473024,0.0120018821191981,-0.00320842256168915,0.0213150157829709,-0.00719609273234687,0.00236272132835008,-5.99456833117135e-05,-0.00532856964761361,-0.00116062411312698,0.00233964988726346,0.0146349030437911,-0.00165923540894787,-0.010427828135925,0.0142836751311627,-0.00415555077002315,0.00968717358980682,0.00799146331187208,-0.0117288168518545,0.0308254390669664,0.00028999921408724,0.00173766711107315,-0.00172579288218001,0.00464271882187026,-0.0110999575370851,0.0060049184147431,0.00590301963027175,-0.00423711751811955,0.0206420104158718,0.00584431077080852,-0.00506001331095715,-0.001263751767284,-0.00249236415602954,0.00199993312046406,0.0108648817497945,9,45,20,0.1,-0.191900740522935,0.206639520456251,0.887252984643779,-0.181316273555977,0.293390667071541,0.882901536281112,-0.160853704124103,0.358550719556863,0.893382065710237,-0.111501140008279,0.350332390384633,0.881450295598892,0.066
"103","Neisseria (RSV1345)",0.0110487087091181,0.00699805874722789,0,0.00127050109796549,0,0.00219122747217563,0,0.00534619819716265,0.00654892492610146,0.000865493668218229,-0.000769777172220934,0.00720592352558572,0,0.00733742444355773,-0.00194505966242168,0,0.00118525006175945,0.00166443649808718,-5.96064797151913e-05,0.00258056559780297,0.00126949348151886,0,0.000607938962101032,0,0.000758880284346651,2.62163931677572e-05,0.00465323469050301,0,0,0,0.00267034403201523,0.000741683323201319,-0.00380541862429662,0.00090173433683167,0.0129099094587294,0.0219580007143423,0,0,-0.00457934935060709,-0.00135781843186336,0.0128814488961863,-2.01981667253165e-05,0,0,0,0,1.14556069254969e-05,0.0121610459111459,0.00804805392163842,0.000629419834346928,-0.00126115919614019,-0.00298553366626022,0.00677773442549788,0,0.00642703429336378,0,-0.000260008997091729,0.00172948100231154,3.4554511029296e-05,0,0,0.000260931446940807,0.00427228888572348,0.000177742581653046,0.000658677200757097,-0.000544149002755002,0,0.0042285955245559,0,0,0.00727655584421117,0,0.00232450314050801,0,-2.49449671246708e-05,0.0042342787650608,0,0.000784859975609692,0.0117565210553101,0.0028887350575902,0,-0.0028879816728427,0.0069767328294335,0,0.00469666407086692,0.0124072169979812,0.0118539551533666,0,0.00130237749669196,0,0.00306698704779497,0.0169100077961341,0.00374885638097672,0,0.00691994388804304,0,0,0.00771964403990592,0.0189641657406754,0.00299328191379642,0.0019500391103226,0.00350646138661154,3,45,6.7,0,0.193330452258984,0.203213373007846,0.887252984643779,0.176576706888401,0.340836570853534,0.865799565928876,0.0951912315551006,0.453926047879007,0.918458500034141,0.0664517709944436,0.446209221891704,0.908378298932302,0.012
"121","Pseudomonas (RSV46)",0.00123549458135978,0.00189504839082208,0,0.00229981632324731,0.00288720966311299,-0.00173238387984362,0.00283980266905601,0.004625594436791,0.000486678753630795,0.00210893315564517,0.00144195756796322,-0.0014038590681431,0.00292656195646715,-0.000590871271750195,0.01370758146604,3.60437558123466e-06,-0.001778857413572,0.00265190570726174,0.000561071434301652,-0.00285021701829215,0.00246923999028274,0.00131869076614486,0.00418820839282585,0.00234559044793623,0,-0.00103334936744353,-0.00374917568826067,0.00342405949527787,0.000939641313472922,0.000628273254676369,0.00262938593138756,0.0113163986219395,0,0.00203589728726304,0.0103040250803051,0.00110602407978341,0.00204450628177774,0.00103314334852745,8.33487689552916e-05,0.00206624383127762,0.00119095589483131,0.000731304151728799,0.00482879912271028,-0.00169842338069555,0.00130074735247105,0.00908520478084598,0.00176103828993262,0.0012383735943407,0.00146824130182328,0,-0.000114466089563103,0,0.00740363281422584,0.00451328405198205,-0.00129421449728954,-0.00358893287129137,-0.000898018336527962,-0.00142991273892622,0.00122464784177574,0.00067503958440075,0.00173131980964424,-0.00309927241088447,0.00501601448090556,0,-0.000817028776328703,0.00251570186557432,0,0.00624494339645016,0.00175004125599757,0.00831994312249154,0.000225230541903954,0.00121676514310978,-0.000217682168160589,0.0165257409006994,0.000546223816022022,0.000820652811355053,0.00256706520808474,-0.00323808605030607,-0.00232928730677614,0.0010425650433042,0.00544288848266494,0.00269196552981627,0,0.00151086461263814,-0.00153879803355144,0.000891655253104051,0.00318537338458061,0,0.00410730679955917,-0.000544756423647089,0.00717165320810474,0.00471809954363313,-0.000202766867760126,-0.000246774707306309,0.000944997078550071,0.000211290714159737,0,-0.000169781825465662,0,0.000321533647299603,0.00189041506732437,0.00414809223156789,4,45,8.9,0,0.168147735979375,0.269544502694509,0.887252984643779,0.114184403119173,0.472678118966009,0.916662543478269,0.0917961037090487,0.472900702619267,0.927523835589538,0.0601922797209422,0.479665235156353,0.9179349091155,0.026
"28","Bacteroides (RSV88)",-0.000177708388635922,0.0027779826010629,0,0.00220715356525301,0.00119986270516053,-0.000764080914919947,-0.00174523406408339,0.000441936686641319,7.91635667596016e-05,0,0,0.00943144735632218,0,0.000529301246751198,0.00850395130581189,0.0120077366004692,0,0,0,0.00130977788577527,0.000607879025235286,-0.00284849331581893,0.00479398193557387,0.00767788308867041,0,0,0.00044622533597505,-0.000318930045140487,-9.38916723305948e-05,-0.000714875013028563,0,0.0035874511434061,0.00149990185687425,0.000270263951526209,0.0044451558009813,0.00319056504201024,0,0.00495972576459689,0.00242853840933481,-0.000725258406238321,0.000915892598653698,0.0025405079451297,-0.00505024863586544,-0.00207596844348312,0.00265697415015447,0,0.0114448275174282,-0.000960629184898969,0.00504265490642521,0,0.000607296239791291,0.00193088226205531,0.00396867101549636,0.00415346747528633,0.00326393927100812,0.000538533096477906,0.000226595852656187,0.000182879211967369,0,0.000141829732576914,0.000744087611929199,0,0.00348827565180002,0.00826641634343088,0,0,0,0.00109789517389495,0.0069372373658455,-0.000687885978977483,0.00248988809597481,0,0.00225628289260352,0.00283340116104972,0.00789321974730096,0,0.00280552593095002,-0.00217963624748614,-0.000932151992331007,0,0.00201593841898546,0,0.00190013843713133,0.00191425616705171,0.00140569820986592,0.00706904653358964,0,0,0.00308877947159493,0.00178359208495927,0,0.003916063386164,0,0.00128006228270807,0.00368054624168099,0,0,0.00983024639689469,0.000539125184918421,0.00231330968101235,0.00182349187090218,0.00265895134627156,3,45,6.7,0,0.080440093611303,0.599391072486325,0.959370452745787,0.0500022570909074,0.554508109634732,0.932865375691946,0.0275295660579498,0.514663209551281,0.930476242249439,0.0159016369220767,0.521424639889291,0.922086160855327,0.009
"5","Acinetobacter (RSV150)",-0.00239407496313853,-0.00806249346920158,-0.0008448242874631,0.00142949605481856,0.00918882329630829,0.00294370000667108,-0.00149647326946073,-0.0181615092198263,0,0,-0.00323362849399318,-0.00681566711255828,-0.00686182048396423,-0.00577753072233357,0.0110704871924438,-0.0120937127026249,-0.0110986979815415,-0.00178576280118532,0.00041613722663913,-0.00252959349408385,-0.0124329391410416,-0.00404145396108889,0.000950688029444796,-0.00361185476777496,0.00429934004305972,-0.00580218569178004,0.00193326115547044,-0.00618304553103088,0.00390392182889349,0.000534984511505321,-0.00303844663242206,0.00243110552238798,-0.00949029672945651,-8.46337693760179e-05,-0.00411092760152345,-0.0138255651003948,0.000713910214833748,0.000344929829679542,-0.00112324385661615,2.45520285229016e-05,-0.000591664793828579,0.000497349403349746,-0.00593163051493038,-0.0043762215669684,0,0.00123671843060025,-0.0131818308622015,-0.00702890048390157,0.000223021164590358,0.00214850136133097,0.000632056689299372,0.000489404896680684,-0.00556818875887509,-0.00468075307533275,0.007837054376567,-0.00310102510779447,-0.010524863732558,-0.0097457401650606,0,0.0028715976611261,-0.00747295056372448,-0.00139257318605357,0.00199031673732938,-0.0010831421834925,-0.00300290033099201,-2.81259377306481e-05,-0.00786274710814895,0.000629261859341996,-0.00323081058236532,0.00663245804133888,0.000223332155779635,-0.000335069996812551,-0.00468210113613353,-0.00973824304098636,-0.00181666907802496,0.00863454823877782,-0.0071632715390803,0.00503947762308589,-0.00376601203224908,-0.00379421936286423,0.00301713129301899,-0.00129706241368225,0.00249656002606519,0.00130167551827634,9.83056697908822e-05,-0.000439150700644502,-0.00378570239917736,-0.00313442645794876,0.00513915120930647,0.000129011190618647,0.00467483534341402,-0.00299438424223791,0.00132415538878744,-0.0140150720723985,0.00267820492864565,-0.000245768897515051,-0.00300389020869361,-0.00160051053861341,-0.00344494000881876,0.00398591609228131,0.00181224632630255,0.00430083588366451,7,45,15.6,0,0.03885490143751,0.799953254478689,0.959370452745787,0.0187431540781957,0.621983658119735,0.956324109427988,0.00681187415322166,0.598553877947164,0.953866301311176,0.00610142331204929,0.604410454918919,0.944604088848384,0.046
"7","Acinetobacter (RSV1592)",0,2.67063648002911e-05,0.00917678342109368,0.00442132271709546,0,0.00117542340183596,0.00107169903347349,0,0,0,-5.09656336847688e-05,0,0.00261280289874491,-0.00139137031132543,0,0.00456583333755391,0,-0.000171722915287562,0,-0.00171281767405831,0.00376621742965262,0,0.00145392867336796,0.00360729699419955,0,0.00506613218990854,0,-0.000838880381520444,0,0.00107220825337013,0,0.000388234557315571,-0.00351088144443472,0.00163079307073399,0.00093686402775259,0.00133870270172305,0.0017265431968571,-8.67275414435539e-05,0.00226633847567498,0.00071032852802598,5.2346562185232e-05,0.000202303926175039,0.00137130048219218,0,0,0.000925692954184233,-8.23505423950842e-05,0,0,0.0171116854021317,0.00461223303038128,0,0,0.00507024119756923,0,0.0017122863858771,0.00470522422152862,0,0,-0.000277890097059433,0.00421752706652838,0,0.00177182119298541,9.12701539476858e-06,0.000243011401474242,0.00458041345865271,0.0055310411694964,-0.000545291706256697,0.00327007798012356,0,0.00072045131198933,0.000396583128325636,0,0.00328047745594661,0.00368599533701048,0.00270806889274222,0,0,0.00149423557553672,0.00184421131509532,-0.00115632268922326,0.00483313848873476,-0.00097842689088122,0,0.0104140050662893,0,0.000890724012883883,0,0.000405741534916959,0.00177733195923555,0.00112959112158878,0.00027532473054116,0,0,0,0.00538141485109057,0,-0.000713709704993406,-0.000346695021576192,0,0.00179024667596338,0.0043704157016145,4,45,8.9,0,-0.256492022660602,0.0889869188220587,0.887252984643779,-0.196373177924595,0.277394605959681,0.856783919265397,-0.169651388348591,0.319173832834317,0.874014270303083,-0.111390492435263,0.331748745915229,0.86962646306036,0.046
"99","Lawsonella (RSV2389)",0.000235760359471332,0.00832072464518079,0.00433544748093835,0,0,0.0102527950784492,0,0,0.000184652955402376,-3.48166957715186e-05,0.00454239369518371,0.0185785224649672,0.00110046779150351,0,0.000452695723940484,0,0.00694351899987159,0,0.00445110190517863,0.00845411901395433,0.00664888361882509,0,0.0114061540278659,0,0.00355031501797643,0.00560385998820937,0.00565348851170615,0,0,0.00203852274437113,0.00338540138145225,0,0.000101222736059227,0.00400477163185868,0.00563310894861051,0,0.00442952915512477,0,0.000729024798563343,-0.00120868570457969,0,0,0,0.00138238725246674,0.00231920355676815,0.00717796947576769,0,0.0042567845643641,0.00157265331152838,0.00162158825944875,0,0.00158155967285636,0.00102290967338252,0.00897000485846605,0,0,-0.000870413633940991,-0.000819378798461783,0.00831613217916009,0.000385092693269487,0.00134680216137356,0.00842978825224793,0,0.00091044709587875,0.00420174578619404,0,0.00539298583356195,0.0075398005014489,0.000101001300806256,0,0.00580621091055772,0,0.00907480815051787,0.00346273862613657,0,0.000232133180918948,0,0.00350975880795165,0.00669337100840872,0.00352759868085638,0.00918878585058499,0.00289906326617307,0,0,0.000992623295934687,0.00745984886581925,0.00574687858615844,0,0.00784434981865201,0,0.0138879614769349,0,0,-0.000273832147546091,0.00258677743911647,-0.00135112255636531,0,0,0.00627612232252709,0,0.00172599443800448,0.00238396149544413,3,45,6.7,0,0.316580519932363,0.0341108444999265,0.845594143971083,0.171590216372581,0.326205819238527,0.847680076006547,0.134716984632469,0.396862108487585,0.891924574826988,0.0936552671603421,0.389678892803323,0.878929266002066,0.003
"104","Neisseria (RSV657)",-0.00715958202363282,-0.00333408942705251,-0.00175296414067068,-0.00377103852202554,-0.0024660801632448,0.00188088448978689,0,0.00510869346121988,0.0133279850470262,-0.00389567236249363,-0.0132083006826141,0.0123963755879642,0.00160779973379503,0.0177550799383803,-0.00218732369454411,-0.00153986139067998,-0.00418041565363396,-0.00355039157834261,0.00738975546349104,0.00865789303335963,0.00213211286351374,0.000150558086392138,-0.00400071072338099,-1.24337795522878e-05,-0.0027143938463841,-0.00185604316405301,-0.00159925156251513,0.0239712159555591,-0.0119854607364429,-0.00215451172875244,0.0254256718074329,0.00424552058725801,0.00333824650573993,-0.00630505074479006,0.000842031131425084,0.00751659037398209,-0.00488009584158026,-0.00872012242568927,-0.00260975853713041,0.00695050541809712,-0.011854506836015,-0.00367546215505597,-0.00385246170804376,-6.9061549872684e-05,-0.00294451668221372,-0.00806790575067997,-0.000842942253559004,0.0178431483111575,0.00080595727575045,0.00746345193948627,0.0041649474183851,-0.00987456972352727,-0.0144289382399821,0,-0.00214532475992889,0.000161813644471928,-0.00217120973866468,-0.0128794500995502,0,0.00711774074677319,-0.0150682378135731,-0.00214549109191878,0.0321541371382164,0.00470783552657703,-0.00444148190041858,0.0303555937546486,-0.0020308802900709,-0.00857509634260461,-0.00561757551703248,0.00527882368409988,0.012204592362498,-0.00101105439178515,-0.00168226662160235,-0.0153891135223872,0.0124450296725824,0.00721295939753538,0.000194788523883336,0.00343635476972463,0.0311002471711615,-0.000185356225425656,0.00153524916972876,-0.000640653545764325,-0.00280382050517552,0.00365464761911113,0.00862304677915548,0.0118736766442858,-0.0160163825141592,-8.21831862871852e-06,0.00110273726351108,-0.000933984316591997,0.0112413945479816,0.00152854847616427,0.0057016224504551,0.000382591663309003,-0.000188091562405334,-0.00127761114038692,-0.000124218897773339,-0.0105177483786437,0.0263603986273399,-0.00067190221320409,0.00162249414746858,0.00516689799407772,6,45,13.3,0.1,0.245081818625514,0.104664446745447,0.887252984643779,0.215641661787599,0.22452539582377,0.836119027176688,0.146667875828593,0.404511629684024,0.892904746530964,0.100531223483506,0.398867202823628,0.882228656244653,0.136
"90","Klebsiella (RSV54)",-0.00874854459931553,-0.000389203688041985,-0.0249386659511195,-0.000227945631554832,0.000119714796828237,-0.0100811007786256,0.00487070729906595,-0.00553831506966209,0.0105532978385047,-0.0070114703801871,-0.0144707747294389,-0.00721050813638179,0,0.00297145439797547,0.00757595778437666,0.00282489318022678,-0.003341865532519,-0.00671052936184869,0.0181247330268135,-0.00766465686148004,-0.00608239089378809,0,-0.000616658802703215,-0.00404654760915946,0.0231103399712617,-0.00504315477324591,-0.00217749241736216,-0.00446873115348321,-0.00222274999682568,0.0064120175103126,-0.00202219800908709,0.025578902628871,0.00204898769034059,-0.00605655147159676,-0.000163031220880461,-0.00639269625231309,0.00672245853836114,-0.0037622566831879,0.00212382671485305,0.00655006557210613,-0.00460496905479766,0.00418390361060055,0.000240281383428836,0.00513724168388126,0.00681593060197663,-0.0207808033358392,0.00436010290175945,0,0.00773070977342818,0.00231768100315706,-0.00426163379789811,-0.00194322863266173,-0.0295257854133254,0.00138176550265859,0.00907993152057628,-0.00223695703018613,-0.00944553924819426,0.00509208843335777,-0.00581544723680217,-0.00102906223093481,-0.00784667692068699,0,-0.00787349955253136,0.00386200006901263,-0.011900828672152,-0.0010108900590549,-0.000867961151558599,-0.00890596932887549,0,0.0147938548816968,-0.00352715452373062,0.00111300509508996,-0.00451718849899713,-0.00523506100273599,-0.00521433351881008,-0.00591763549548983,-0.000830085849891794,0.00426962760457302,-0.00287167523656927,-0.00469264901304217,-0.0177861888913359,0.00947929478856669,0.00804771332948811,-0.00187681801034889,-0.0234304267366829,-0.0211978182905271,-0.00517723656823476,0.00123534198479976,0.00108233993458165,-0.00286520043407239,-0.000861354325132572,-0.00455604829411706,0.00206507201564933,-0.00364726985691332,0.00586336269283811,-0.0132453121433482,-0.00396685780368341,-0.0248101003703415,-0.001185022182197,0.0122792702970897,0.0015473233781989,0.010318479140783,6,45,13.3,0.1,0.183532608488443,0.227504547638952,0.887252984643779,0.13500967980234,0.407313556579255,0.912740456892453,0.133880041352044,0.393811526858023,0.914969016113884,0.0938449487140846,0.384121134233567,0.897388466296512,0.081
"88","Klebsiella (RSV26)",0,2.16153593322531e-05,-0.00112288724987284,-0.000331106352341781,0.00124662217114267,0,0.000371601541608579,-0.000707937953002039,0,0.00628152536456542,-0.000433825846668991,0,-0.000596777301786305,0.000659826338067979,0.000285611026450867,0,0.00356144231139357,0.00102363329073055,0.00432965584825675,0,0.00195356553290262,0,0.0151585339845412,-0.00246906698131067,0,-0.00348767408056248,0,-0.00407945964522776,0,0,0.00275234177027809,0.0020409489922056,-0.00141898083602265,0.00124368067743472,0,-0.000161231218621676,0,0,0,0,-0.000690463728649238,0,0,0,2.06281810753746e-05,-0.000353414678482892,-0.00338422428180574,0,0,0,0,0,-0.000667990353998342,0.00342917692371504,-0.000597075282683876,2.48826906143762e-05,0,0,0,0.00731410590935138,-0.00228717342907145,0,0,0.000992631394671137,0.00184468715896023,0,-0.00177133063789825,0,0.000466829092428772,0.00288807264611992,0,-0.00127715360068547,0,0.000754804774213265,0.000243243209633789,0,0.00257316993132975,0,0,0.000564359713460716,0,0.000306622984774191,0,-0.000149409821663094,0,0.00125401073229518,4.74557060517043e-05,0,0,0.00583002557754796,0,0.00487325800705886,-0.000414998426475306,0.00164792762642114,0,0,0.000499755467784741,-0.00311981343120934,0,0.00103937770331883,0.00134805916894716,0.0023596610854352,3,45,6.7,0,0.272399407911003,0.070250184391896,0.887252984643779,0.132077676134342,0.418062530806563,0.876445884329194,0.126734625227288,0.432587092313344,0.887309056251387,0.0850721768534956,0.430936138215985,0.878997753852467,0.003
"165","Streptococcus (RSV149)",0.0025496255379963,0.000649888749417839,0.00362023299970111,0.000408946130269722,0.00187408760377563,-0.0016697784078008,0.00151184380159628,0.00443572009192018,0,0.00203909388751564,0.00248269332026053,0.00251122758567464,-0.000412832691910991,0,0.00213456203787295,0.00278595266823332,0.00192312292253935,0.0204875003745441,-0.000595949503029311,9.21039233397077e-05,0.00294613692584487,0.0038128008471471,0,0.00287717299610047,0.00181450290246604,-0.00025222632972155,0.00172969116725789,-0.000132946570767499,0.00714876205096925,0.0016016639185219,0,0,0.00096949177040575,0.00540941509426349,0.0133223805965012,-0.00171470398311792,0.00381014683731728,-0.000244781654553579,-0.000458417109904446,-0.00147303445465361,0.000351248612211157,0.0108330458478159,-0.000914022231931959,0.00168368225513157,0.00332695457712794,8.1372297674858e-05,-0.000559464371017147,0.0121670360013634,0,0,0.00261923819179013,0.00954383878152497,0.00165884651353348,0,0.000541925510976283,0.00258545004086052,0,0.00488248273637399,0,0,-0.000410790074938794,0.0215832319826776,0,0,0.00173644373418451,7.65155058455898e-05,-0.000497036218059105,0,0.0023804685372152,0.000794775728864596,-0.00472453853228739,0,-0.000783031546547501,0,0.000343656162028611,0.00124938427779505,-0.00102355260301066,0.00265340506105294,0.00488581835884564,-0.00433970920807019,0.00465258186168919,5.47585186634159e-06,0,0,-5.62434756079657e-05,0.00409298436667171,0.000260145164707047,0,4.666986883813e-05,-0.000327347741305275,0.0133115050606981,0.00405621547921117,0.000456400672991859,-0.00140185658784459,0.00068313850392718,0.00181931258299726,0,0,0.00465388596275589,0.00105187400015161,0.00125804141038084,0.00325850154366367,5,45,11.1,0.3,0.130761706678439,0.391899878174255,0.89755031281021,0.156988211026416,0.371254187614186,0.897592327039065,0.0818814656601327,0.486734198132769,0.927147529594122,0.0547231282547012,0.481627839533304,0.917076491163304,0.321
"160","Stenotrophomonas (RSV1638)",-0.000539245436266103,0.00609260302381139,0.00987385630405922,0,-0.00237846038552193,0.00171355658805912,0.0209619115272586,-0.00194280414666634,-0.000834969712900496,0,0,-0.00992468156431389,0.0174585177089875,0.00859864073180763,-0.0037491999941569,-0.00151943018380807,0.0243020940087731,0.0293969503525052,0.000597947598101687,-0.00389431692058082,0.0158553594949386,0,0.000157737973417531,0.00656684568851364,-0.00541288657136854,0.00253553225895648,-0.00856274866305022,-0.000592003913156115,0,0.0146033738653038,-0.00098866375223623,0.00790086543800618,0.0371937981458995,-0.000428765104725081,0,-0.00463875335765458,0.0389484296190347,0.000466964433673302,0,-0.00635576327182888,0.0153383441634052,-0.00010034488202823,0.00528277338059689,0.0112335527497405,0.00451875562095114,0.000276651893223424,0.0121249717525839,0,0.00297590580007364,0.00638749473657209,-0.00170732447060885,0.000884908155257552,0.015460611348176,0.0125363649970078,0.00732699948669032,0.000549033737875162,0.00388084371081925,0.00404599225081945,0,0.000522064117936044,0.00743105570804434,0,0.00135401472039549,-0.00976238144084631,0.0128494264108456,-0.000966202650397771,0.00182388961059481,0.0172885215693699,0.00526473012376552,-0.00104657664536869,0.00010113371221031,0.0191397030629936,0.00375095053079835,0.00628206728074286,-0.002044376017433,0.00663769700777232,0.00617521284852326,0.0150368921119527,0,0.000626945234661127,0.00264437615149811,0.00196748182405288,0.0190075262329776,0.000400278532588007,0,0.0108739404490291,0.00427161680679513,0.0247904471700921,0.00150076941231503,-0.000300931390524301,0.00195808324321614,-0.00115230962776107,0.0300367797308475,0.0190787707088949,-0.00128396981464749,0.0218368185921568,0.0131010069365389,0.00655483695610231,0,0.00366694947269926,0.00120177639671144,0.00557289271187242,4,45,8.9,0,0.330735244398319,0.0264820325171023,0.845594143971083,0.213182144887392,0.256853919424558,0.817080685109966,0.163553952862792,0.347999978433446,0.886952337050929,0.113382148749558,0.338775684274693,0.876170322564724,0.016
"161","Stenotrophomonas (RSV1832)",0.00244982970849419,0.00615101261836243,0.0178361211148926,0.00464598708658967,0.00273199870319603,0.00867298823758632,-0.00164609117410396,-0.00474088956346239,0,0.0011860552191329,0,0.0159118210539914,0.00783275787927527,0.0122624542603709,0.000438291686733358,0.00387083191911665,-0.00578298944861226,0.00630176490052716,0,0.0107452994647215,-0.00864940446955378,-0.00535115291763781,-0.00874923738369698,0,0.000734935683069759,0.00247882719752586,0.00774036035596742,0.00586633131094821,0.000245213100928321,0.000948359125584056,0.0052204357263509,0.000952800386333077,0.00690352524286605,-0.00950859048244778,0.00614910700920833,-0.000398484712095425,-0.000274259416281367,0.00903042682534819,0.000176980772358178,0.00345181262708396,0.00766880469938015,-0.0106759547239426,0,0.0046932628893209,0.00100155953286146,0,0.00235368582729005,0.00551564106857143,-0.000704602001168623,0.00612218573562299,0.00478550444782815,0.00745094623367811,0.00562591755337596,0,-0.00322466509749316,0,-0.00425386461368056,-0.0020279600091091,0,0.0058216465776489,0.0114307552697077,-0.0107557100840281,-0.000615161158729495,-0.00154210232956766,-0.00497961821151559,0.00376609910885714,-0.00104685163575812,0.014500324967583,-0.0141229079508613,0.00155711477481178,0.00334503362396596,0.00418126452618288,0.00976697230385448,0.000272776380691376,-0.0155813683373052,-0.0018640583142094,0.000103616862404384,0,0.000206444092602563,0.012122290980536,-0.000619572840175866,-0.00185936209890297,-0.00941784433773143,-0.00831809316608302,0.00574443951948134,0.0031166120302836,0.00496425312366445,0.00176086084467539,0,-0.0148966177724472,0.00898787140556711,-0.000840546726652404,0.00468042714161803,-0.00263638567444038,0,0,-0.00037668311581331,0.00282848485876328,0.0026838557283917,0.00142564791497808,0.00107492375679546,0.00691773350146499,4,45,8.9,0,-0.164411119624278,0.280484153179869,0.887252984643779,-0.132901141992968,0.398739060692784,0.903606387494325,-0.119034335267171,0.437696763358933,0.91311397495923,-0.0802036836407723,0.434270037992344,0.899354606706657,0.01
"107","Paracoccus (RSV1542)",-0.00239142981753017,0.00849908312673159,0.000445143220468269,-0.0010309378080853,0,0.000685609861701934,0,0,0,0.00156025384251105,0.00144866544788487,0.00495567872374674,-0.00198520860633743,0.00338690838172449,0.000305282286086916,0,0,0,0.00153898912531889,-0.00231953870726767,-0.00318654437831296,0,-0.00159317295731273,0.0054136997230504,0.00390048969841445,0,0.0125232122983438,-0.000839026173773661,0,0.00377626799110861,0.00241347931127504,0,0,0.00151615833250543,0.00157065769438233,0.00908717680491697,0.00267617320645469,0,0,5.123149154105e-05,-0.000232253113060583,0,0.000771227628842217,0.0001285815269606,0,0.000139656141014937,0.00114839233132794,0.0145927803170865,0,0.00013995629341756,0,0,0,0.00226339616641786,0.0015835472023106,0.000355440926012944,-0.00123600446545641,0.00243887612647067,0.00234593826982564,0,0,0,0,0.00026437683644988,-0.00129184496208884,0.00106312628970617,0.00017275507323524,-0.000657924055731649,0,0.000766298350284333,0,0,0.00312574781550861,-0.00212654054174763,0.00142102776611742,0,0.00207140089679834,-0.000390746998010824,-0.000511278389365054,0.00181231696820828,0.00223637475106739,0.00370916229023491,-0.000826607126173874,0,0.000167157252502687,0.00320725080286598,0.00957399555961728,0.00092837658721748,0.00460693094006788,0,0.0008353594580568,0,0.00452071775106089,0.000382518847728658,0.00446188384854961,-0.000788524025827526,0,0,0.000653304558689046,0.00310669158856346,0.00105058393023209,0.00173890328065273,4,45,8.9,0,0.148397049531004,0.330620268138047,0.887252984643779,0.080903480242874,0.487638929265112,0.926798181334126,0.0543343989431826,0.514474093817254,0.937152455742661,0.0372091981258136,0.506603304308967,0.925082426951774,0.021
"71","Fusobacterium (RSV1479)",0,-2.66233343031756e-05,-0.00185333140132774,0.00326459857333956,-0.000166409085849592,0.00256945090486789,0.00158002752207418,0,0.00672510126910403,-1.56689118172305e-05,0,-0.000121916361638289,0,0.00707562037657486,0.000480904327422369,0.000857940503818435,0.00626420447978847,0.000140281233191553,0.00736950576293314,-0.000653175600635735,0.00391053725896728,0,-0.000824477648773768,0.00563296729586113,0,0.00629460862564612,0,0,-0.000233556808999751,0.00778598238768076,0,0.000486302570215469,-6.68696452057959e-05,0.00719134270266842,0.00118533817862879,0.000288659467641347,0.00089479481614104,0.000382967320904707,0.0050355917106909,-0.00489428510985503,0.000624845898939671,0.000840270116098716,0.00196043734847507,-0.000839514173665584,0,0.00281867966657221,0.00440896694826146,0.000657942362282319,-0.000546708329632748,0.00014997272007034,0.00158982249291853,0.00424114981983624,-5.29934303643902e-05,0.00159602398034826,0.00258179653946925,0.00157738131175153,0,0.000357679865586392,2.38386552333739e-05,0.00105425495743381,-0.000171111744135321,-0.000328805764058955,0.00312034405582889,-0.000193976018003391,0.000983619020228339,0.00105654833871463,0.00280948590765238,-0.00146725487678651,0.000347131455748553,0.00344564041660734,0.00292917500864644,9.17518862221603e-05,0,0.00439006368712331,0.000195666704459909,0.000538741180425888,0,0.00126964091462503,0,0.0005142217663453,0.000358779504796834,-0.00212320514752098,-0.000329874451339072,0,0.00270328279173103,0.00420082406338153,0.000279198419826403,0.000233173548638658,0.00433404066486542,-0.000804058941823082,0.0056802576892691,0.00123457616474791,0,0.00201925289320665,0.00374731986596708,0.000958393126441058,-6.26754680422747e-05,0.00109930409416966,0.000763505687113431,0.000368659964637855,0.000933153099535076,0.00243143625731711,4,45,8.9,0,-0.229001202333815,0.130242467887612,0.887252984643779,-0.122505562571391,0.433246574523593,0.904605706684579,-0.117319270685144,0.439702907714751,0.908257376707391,-0.0837918263657339,0.429957890453047,0.898029198970495,0.011
"77","Granulicatella (RSV173)",-0.00356409215991741,-0.00090402966072351,-0.000762815923162514,0.00151654085596023,0.00231421237377906,0,0.00551034611411042,0.00126263216016338,-0.00508963059876889,-0.00433685253911034,-0.000252999928773452,-0.0029271964604464,0.00659663263409626,0.00726509404858519,0,-0.00833603739398005,-0.00293904416408216,0.000438309195124692,-0.00153169717490273,0.00536057415562025,0.00493351976766048,0.000425070394113383,0.000117696260340263,-0.00198895860430774,-0.00410711141354392,-0.00328769082457977,0.000515951440029227,0.00954753832367866,0.0106441679825184,-0.00166361533867973,-0.00326428902881632,0.000214682712521664,0.00379473074681677,-0.00285818204215432,0.0011245373548593,-0.00191517625751422,-0.00978316656935563,0.000218693860383804,-0.00140875366190098,0.00110713948714374,0.00226672695265673,-0.00128184181959464,0.00190123707910735,-0.00157649834566761,-0.0022128740654331,0.00474946368560355,-0.000482036649980845,-0.00330301929461579,-0.00191975559502489,0.00295439906037228,-0.00572609348912364,0.00395164370643491,0.00227351499728657,-0.00263120758746269,-0.000320780110002761,0.000466896765841176,-0.000926930678293205,-0.00112123146738015,-0.00391686110960476,0.00572566835008559,-0.000907142238195923,-0.00513995923966124,-0.00242552919593363,0.00176992478463498,-0.00495899171281219,0.00157089427360398,0.000422159279411203,0.000198142380781683,-0.00127635968345954,0.000790601168934628,-1.4315440998336e-05,0.00135342357225756,-0.00334251386183365,-0.000745800150009923,-0.00231242155653593,-0.00197281208302593,-0.00290861696945914,-0.00356602363912198,4.06651563140591e-05,0.00486706952877492,0.000921088784265073,7.90783954277947e-05,0,-0.00822648762947766,-0.000387745857891327,0.00341757101834348,-0.00311063124318154,-0.001557353654955,0.00605862511933587,0.00400409200476621,-0.0105971228113023,0.00376641272919542,-0.000865132124625009,0.00417468828508159,-0.000285562346771527,0.0032310336722397,0.00640815142378763,-2.25225224553277e-06,0.00116218869528177,0.00945741062191404,0.00085598745827346,0.00374757948986464,7,45,15.6,0,0.161255382294611,0.289946608050726,0.887252984643779,0.0983800163312814,0.486175099874473,0.924902920291045,0.101813686810908,0.49066070118151,0.930918585908262,0.0722054447912984,0.483466768681439,0.921573077475271,0.02
"75","Gemella (RSV834)",-0.00275765241646374,-0.000616054429979105,0.00288185615091198,0.000629767686655605,-0.0020977274019848,0.00272123106040191,0.000922187065689588,-0.0048191134217203,0.00102485007789716,-0.00145749124788645,-0.0094856856939172,0,0.000779769837891299,0.000839297210096195,6.18543217732395e-05,-0.00101918497708314,-0.000482120517880676,0,0.00753627686213654,0.00612272059375404,0.000942256413330949,0.00130737191755024,-8.62168219101989e-06,-0.00267015067157068,-0.00877588843528119,0.00112690484020956,-0.00468659115218225,-0.00448595654182055,0.000314528227818306,0.00443175626219176,0.00157766938089724,5.28443020802385e-05,-0.000922913262296631,-0.000395062589482925,-0.00428503799849188,0.00299918167956606,-0.00626140631221625,-5.57910339900058e-05,0.00165278977854053,3.36868234251518e-05,0.000537849883117453,-0.000596448953702489,-0.000573078772421002,-0.00509383662483836,0.000674836393256193,-0.0034969534789518,-0.0007407586602478,0.000878701590879363,-0.000941439086836858,0,-0.00310626651963838,0.00673629256128688,0.00187840239281887,-6.17545568212632e-05,7.69517437057548e-05,-0.000879602652679532,0,-0.000242578994986006,-0.00220721951813624,-0.00342790201303398,0,0.000236374553459791,-0.00126376177166317,-0.000534778852755194,0.0045152131376417,0.000235448684435137,0.00106064513701524,0.00180988176891892,-0.00220606735329379,0.00733222286444807,-0.000912312290893242,0.00588666421044441,0.00245067705394205,0.00178665191883711,0.00429410540735138,0.00289467295914944,0.00018210055274663,0,-0.000758394090451466,0.00408738885022386,7.58615262552106e-05,0.00257055830407038,-0.000435467367101638,-0.00484960630772897,0.000940102316912574,0.000547225795745972,0.000188765770692899,-0.0010520745682149,0.000937807783326976,-0.00444902116545856,0.000197276039348057,0.000446147882993194,-0.000877638476021951,2.44854712063264e-05,0.00429422633229686,1.57024418277785e-05,-6.60292967938087e-05,-0.00345188808601766,-0.00173836518329787,0.00247193135777321,0.000742196407130847,0.00407013193805314,6,45,13.3,0,-0.0655632890590548,0.668726512032821,0.959370452745787,-0.0435870226417602,0.588606466707136,0.943550993974728,-0.0347943984441195,0.557764237300839,0.939412006409931,-0.0223508097493205,0.563881796493644,0.930043040188442,0.036
"91","Klebsiella (RSV57)",5.90079994808949e-05,0.00461778462384848,0.00185755602426624,-0.000517825676132058,0,-0.00295806042997515,-0.00201814172319086,0,0.000210679145654569,-0.00165355119586817,-0.00289216460412168,0,-0.00179151601009997,-0.00444441127338051,0,-7.38211117017449e-05,0,0.000727307059024188,0.00230808064225195,-0.00217831919730481,-0.00110496766261199,2.59900336494365e-05,-0.00967391356376747,-0.00157064168093311,0,-0.00124389448463048,-0.00178223104963018,0.00430737637664302,-0.00140998710009559,0.000951830025156189,0.000407291631810126,0.00403935482256969,0,-0.00681545281280796,0.00318008165345423,0.000627221852987982,0,0.00112513380050075,-0.00304237141132499,0.00030463548323789,-0.00170999445067651,-0.000609449455446099,-0.00447628507364692,0.00112103837176464,-0.000588692483532473,-0.00176271254715468,-0.00479036294207524,-0.000674029456028117,0.00750832652372328,0.000679206754649215,0,-0.00492923569697375,-0.00442820835619069,-0.00486382355463187,0.00446210871149381,-0.00164910222105913,0.00205030987844826,0,0,-1.92267922072572e-05,-0.0127468646692494,0,-0.005332666874484,0.0048248466899106,0.00301846162198733,0.00227738845869128,-0.00536000673793571,0.00230962638327402,-0.00141825177651677,0,-0.00052105017875991,0,-0.00368642812055734,-0.00294903194366299,0.0046301518187794,-0.00226689404284495,-0.00442249208475192,0,-0.00230221681811173,0,0.00175780205041176,-3.60423213225412e-05,0.000108237471762134,-0.00355649036557637,0.00538595370730751,0.00439266627092308,0.0035201105498419,0.00556871562688199,0,-0.00914528066948753,0,0.00185426287284937,0.000487397961665989,-0.00250767467595299,0.00031501961095503,-0.000662156311325918,8.32327907930797e-06,-0.013257367393698,-0.000514392684914903,0.00309020603934882,0.000621629254398459,0.00311552899512634,5,45,11.1,0,0.0231821308238783,0.879853777086142,0.959370452745787,0.027853182887604,0.592585163719321,0.943645639194471,0.0101627356265081,0.541989134417049,0.940923728062516,0.00614884370048491,0.536795314080048,0.927408177664098,0.009
"1","Abiotrophia (RSV2096)",-0.00196800293132002,0.00257070280598063,0,-0.00525408128838947,0.00548687042652659,0.0017990587689652,0.00123389526340352,-0.00127676383459675,-0.00067315648488133,-0.00294895959898096,-0.00543517136743228,-0.00746540102395261,0,-0.000799065919529657,0,-0.00367087201571605,-0.00438418801790965,0,-0.00242956123704759,0,0.00532301720661986,-0.00209846148908609,-0.00364855587135358,0,-0.000696437203544781,-0.00425983837494865,-0.00479456827507754,0.00426965274259505,-0.000168613529661266,0,8.42837307570746e-05,-0.0029321164443247,-0.00229934598765688,-0.000268037802568867,-0.00088610220743915,0,0,-0.00227198474145686,-0.00380430800239808,0,-0.00211953843336133,0.00529453635211677,-0.00250113199804266,0,0.0079780481523706,0,0.0041235575256224,-0.00242412210751153,-0.000635652811180339,0,0.00113435208048187,-0.00385564091788917,0.0017776439215504,0,0.00228834067053018,-0.00758468930976506,-0.000304131517074432,0.00134127297452239,0,0,-0.00266744281974463,0,-0.00138631192759771,0,0.00161929329399451,0.000978829080411716,0,0.00256270900483667,-0.00138868431949613,0.000264050506654339,-0.00112913659215055,0,-0.0069395362610023,-5.46722460992175e-05,5.82080695070211e-05,-0.00131684778139037,0,0,0.0070521892400608,-0.00245519659092564,0,0,-0.00205932236035331,0.00331179383254215,-0.000617961237801299,-0.00326166316321752,-0.00221886482386593,0,-0.00222179164280787,0.000480159051469779,-0.0015586825640434,-0.00563825243351353,0,0,-1.25273257608374e-05,0,-0.00489145329834078,-0.0061092052878601,-0.0138880597596615,0.00170741389588926,0.00061325999512448,0.00244612874044034,3,45,6.7,0,0.168345271667594,0.268974151722316,0.887252984643779,0.114829989651162,0.436560870680356,0.907889590986252,0.0672642975927918,0.512175351274583,0.93415024343275,0.043863859302945,0.502384829434531,0.920660963749775,0.003
"17","Acinetobacter (RSV500)",0,-0.00104619910004961,0.000799379164478642,0.00654789572014417,-0.000482726934051834,-0.00104904134809497,0.00245295099170526,0.00265488809386177,-0.00051197621104905,-0.000804611898881774,0.00663757522753977,0.00400750753375904,-0.0031807584679538,-0.00462230770953044,0.000577838605661213,-0.000722127865657528,0.00640030047995574,-0.00523107902270922,0.000800608386725971,-0.00386798687776207,-0.00356394377380638,0.000622221613209919,-0.00144429730216724,0.00187560199305866,0.00869316829281204,0.00258473154580223,0.000749624939119272,0.00398273287724258,0.00230912761363863,-0.0022634996130437,-0.00112611824784547,-0.00143747498447523,0.0019948901674705,-0.000822066328982854,0.00339397166876823,0.000642542472523388,0.00410314873479509,-0.00111607934918834,0.00365269708594618,0,0.00189845545431271,0.00382713701965407,0.00857212637547141,-0.00371417170066704,-0.00158730350151942,0.00808707957927673,-0.00888789950286593,-0.00289935123788144,0.00105944350828808,0.00168797802799696,0.00665269188438066,0.00383373086910021,5.22203618391465e-05,-0.004708012966553,0.000131707173865571,-0.00396281716575531,-0.000785982200514751,-0.000150849682037776,0.00177438385827219,-0.00225973549403669,0.000719755125644991,0.000937183784395445,-0.0032337636109233,-0.000165525102714635,-0.00695055541213492,0.000117932360069481,-0.0112590286851697,0.000408163862934529,0.0055635200481357,0.00118034818090972,0.00620408397533275,-0.000859045234183613,0,-0.00405832600037032,0.000302985008211535,0.00118273487512557,-0.00997520797685677,-0.00364826795238413,-0.0046352571786346,0.00454187788987021,0.00104848847211064,-0.00858646639002755,0.00137765307180314,-0.00342165943232927,0.0162945154961274,0.000419900514584312,0.000670895676331416,0.000788222042579003,0.00285738608927823,0.00114011124058435,0.0111821676058383,0.000125793571507012,-0.000957874683113779,-0.00511346260439507,-0.00179132872273183,0.000874584461593429,-0.003344410786719,0.00212241644140171,-0.00428447545517449,-0.0067385388148621,0.000559910715789148,0.00512200412003502,8,45,17.8,0.3,-0.142932455005567,0.348933477396153,0.887252984643779,-0.148954063978401,0.381074704053848,0.903981149891602,-0.122080479383746,0.445263817023518,0.912066501748558,-0.0837918263657339,0.444223533339756,0.905919589314483,0.393
"164","Streptococcus (RSV1321)",0,0.00124348598956081,0,-0.000291351097672029,0,0,0.00056759250387017,0,-0.00017302558042836,0.00830799701973612,0,0.000133888288555749,0,0,0.000235032162858787,0,0.000658197960562212,0.000833046934044927,0.000277505125904067,0,0,1.25661116356923e-06,0,0,0,0.000940613583580322,0,-0.00132761173154044,0.00100248781038717,0.00149790516652634,0,0,0,0.000198802814733174,0.00140559218524648,0,0,-0.000297704278574159,0.00359579649595631,0,0,0.000256268234800229,0,0,0.000446204287929305,-0.000999731653089784,-2.35820711206178e-05,-0.000159251585571274,0,0.000724780009588156,0.00168221474279269,0,-0.000478561640572373,-0.00125045552083822,0,0.000558694836711737,0,0,0.000499674503234604,0,0.00217207329122725,0,0,0,0.000277904234582997,0,0,0,0,0,0.0023279017260002,0,-0.000123264708443111,0,0,0.000701533043714387,-0.000319590992513629,0.000760936885905851,0,0,0,0.00196531139346131,0,0,-0.000431926501812013,4.80773733158232e-05,0,0,-0.000447634618896492,0,0,0.000190602907513909,-7.78108673725607e-05,0,0,0,0,0,0,-0.00131679369027443,0.000557334743719087,0.00191678410452322,3,45,6.7,0,-0.167888225681167,0.270295010588655,0.887252984643779,-0.0889007547719782,0.486038389146426,0.922527836793919,-0.06791491032739,0.518967459791152,0.923763235899788,-0.0499020554304135,0.511349734214041,0.911954051348054,0.005
"85","Haemophilus (RSV80)",0.00393164034089435,-0.0040286215722809,0,0.000623471892438455,0.000486098012179972,0,0,0.00191282063652542,0,0.0042261153598431,-0.00100886734628028,0.000960357530717583,0.00360711903777346,-4.2941571091718e-06,0,0.00548834508845995,-0.00130797401481263,0,0.00318607997354959,-0.00141352746096232,0.00285443434504875,0,0.00704999695125819,0,0.00253023469307682,-0.00521403494039393,0.00221607861435345,0,0.00461398212643689,7.53756536749351e-05,0.00209794098801319,0.00772566245994418,-0.000814162318548497,0,0,0.00242267193558871,0.000145900248501885,0.00748344194980756,0.00507986562560859,0,0.00873613896958146,0,0.004186983503421,0,0,0.000400878495597878,0,0.00261318208172994,0.00312786640393146,-0.00143102658639463,0.00147585618153191,0,-0.000153577588487581,0,-0.000822125000203113,0.00339685574570269,0.000423837838811301,-0.00342448166526437,0,0.00278946618780439,0.00115331340868405,0,0.00155594557319163,-0.00423211982166428,-0.0049075023438355,-0.00392191605868587,0,0.000941770596097996,0.00011012740010308,-0.00128280843391487,0.00374500600540822,0,0,0.00827128789812292,0.000591815007309132,0.00303002003468403,0.000451354985683756,0,0.00465627188288972,0.00342160248429404,0,0.00161304139653443,-0.00249677087234478,8.35120903898469e-05,0.00899548929842588,0.00767253480646738,0,0,0.00180725613264542,-0.000463037887759045,0.00587729466849614,0.000315358694035642,0.00681070948339485,-2.8234279974063e-05,0,0,0.00180457692024464,0,0.00163421929962734,-0.00219808233373267,0.000529904332490306,0.00285751668522079,3,45,6.7,0,0.226390111943932,0.134802847824656,0.887252984643779,0.17821808034971,0.30817225895601,0.871176758555514,0.0911310786670386,0.474264059012968,0.913307763996052,0.0622787768121094,0.469942253394308,0.900978489945836,0.015
"95","Lactobacillus (RSV271)",0.01455077324891,-0.0200503797142594,0.00460797546880612,-0.0188279804348034,0.0082611935760944,0.0163667716970124,-0.00598376837141549,-0.0196827334856469,0.012471168896122,-0.0152572019421075,-0.00335502698429759,-0.0161564996539752,0.00395751865453353,-0.0222223530681341,0.0158304955931883,-0.00190701604880297,0.00519261018529501,-0.00537190182541775,0.00370917786724824,0.0276368533663274,-0.00543533343979923,-0.00244293760835088,0.0115873293267878,-0.00653719776183313,-0.00946243159331303,0.0206257824362763,-0.0309120578050432,-0.0168434320847354,0.00654345582311799,-0.0139924662800302,-0.0191039717861412,-0.0120315191351552,-0.0118583750489666,0.0133798127100754,0.00252755514549426,0.00346712884628569,-0.0119912148171445,-0.00701729006076306,0.0266911150735968,0.00019146403187079,-0.014851261236616,-0.0105807848406002,0.00138867923814824,-0.0165549588933385,-0.0152041877253133,-0.000784826673557038,0.000170141211961438,-0.0168902442272317,0.000694686737082841,-0.00350402317892302,0.00568170927313511,-0.00210541542510236,-0.00740533013047443,-0.00543198054559831,0.00494865395244366,0.000492881975757943,-0.00742310374500834,0.00111079540140879,0.005225295740599,-0.00685262064421329,0.00414999907299422,-0.00297783875526008,0.032445645350987,0.010093328018237,0.0140250006878464,-0.0156978803023064,-0.015110442465782,0.0121397174221949,-0.0031378088528567,0.0142329716417026,0.00731896697627205,-0.00370427148757235,0.0013698470496637,-0.00364492694794582,0.00382422292349752,-0.0100004980950112,-0.0131434913188362,0.000406188023791567,-0.00655677764818861,-0.0158547872803417,-0.00461819024038386,-0.00479393097233176,0.00925152685580954,-0.00705572330379594,0.000447900107201157,0.0315674809539755,-0.00643358931750633,-0.00481380263132388,-0.0137848255231681,0.0059616496384853,-0.00765908262370223,0.059004233804289,-0.0192624170152518,-0.0170138476351031,-0.0110389193622125,0.0131278978722631,-0.00702563092113913,0.0146868050944603,-0.00315775077858719,0.00362626176635611,0.000517379221202669,0.012036671267594,13,45,28.9,0.6,-0.237550728978464,0.11611710719464,0.887252984643779,-0.20112778529035,0.234850782155921,0.872941474654562,-0.183612796428686,0.287883822201377,0.900940321282781,-0.124636587604945,0.287846254211609,0.892480256666501,0.74
"34","Blautia (RSV249)",0.000183805969620065,-0.00064404164799234,0,0,0.000419686606684477,0.00043857242539167,-0.00167818975177564,0,-3.42795068341881e-05,0.000954663656881967,0,0,0,0.000958615180382097,0.00114503548838744,0.000392998355522428,0,0.000547961174022526,0,0.000534416387764767,0,-0.00175373732919841,0,0.000198843038832581,0.000550001096046609,0.00063090075489416,0,0,0,0.000374880569196235,0,0.000403924766844282,0,0,0,0,0,-0.00256350131151154,0,-3.86136546233067e-05,0,-0.00011218337296996,0.000510434236802988,0,0,0,0.000517948291645531,0,0,0.0016057246379561,0,-0.00033447612624785,0.00134025334899812,0.000551227213659056,0,-0.000389927694187558,-0.000427693242602208,0.000104470504821904,0,0,0.000737189550215364,0.00320686486658568,-3.71824408536412e-05,0,0,0.000127795874823534,0,-4.23605928693488e-05,0,0,-5.04271849401438e-05,0,0,9.97466755511858e-06,0,0,0.000190223392311784,0,0,0.00231191200502885,0.000578570907506441,0,0.000778481712111439,-4.65830613056178e-05,0.000720375570933176,0,-0.000773113971596683,-0.000404875809477566,0.000355622216474163,0,3.07466158621639e-05,0,0,0.000102194073308274,0.000431571606962644,0,0.000778176404072212,0.000626178440994488,4.45238206086141e-05,0,0.000450482698560948,0.000636542670870119,3,45,6.7,0,0.132238638739794,0.386526975782357,0.89755031281021,0.0598803872791399,0.54228873467755,0.927987319089998,0.0582977834814784,0.544261867699518,0.931583387492781,0.042472861242167,0.543847926337653,0.923087676631185,0.022
"55","Dermacoccus (RSV726)",0,0.00521450363064451,0,-8.86496993281075e-05,1.5281755564061e-05,0,0,0,0,0.00162059827280325,-4.96500221228823e-05,0,0,0.000238451362351547,0.000409763365508945,2.58167722321328e-05,0,0.00018898444257586,-0.000149422544141521,0,0.00476057452120888,0.000838479134492019,0,-0.00151923526559,0,-0.000578624877394838,0.00235853140396735,0.0014087845038693,-7.96483469685772e-05,0,-6.56283473415774e-05,-0.000634947955712607,0.000813739833372283,0,0,0,0,0,0.00145649006847986,0.00142629900296221,0,-0.00150574866651677,-1.629300529297e-05,0.000510790892628907,0.00228438830734412,8.54917082408817e-06,0,0.000248678030698801,-2.48864125962588e-05,0.000897489685725684,0,-0.000213158154986068,0,-3.6592538862288e-05,-3.57050553576397e-05,0,0,0.00127591402917824,-7.98472933583563e-05,-0.00191523725862143,-2.77322642789765e-05,0,-0.00037373332412024,0,0,0.00261158732621561,0,-6.63622073783134e-05,0,0.000670924354737575,-3.49396397764679e-05,0,0,0,-0.000465700279323579,0,-0.000315030871592084,0,-0.00248259636162624,0.00362397868726883,0,4.4021069424568e-06,0.000356951139939902,0,-1.22215807583751e-05,0,-0.00010854494975473,0.000108485652824783,0,0,0.00173911215407735,-0.000559189984884443,0.0050867518501811,-5.49680119316633e-05,0,0.000387124756278884,-4.95700585693803e-05,0,0,0,0.000425992962892683,0.00114001663150402,3,45,6.7,0,-0.214659264958951,0.156768222636863,0.887252984643779,-0.107013118670704,0.488692339344548,0.913279582528121,-0.0899935358320212,0.491361405231761,0.920381149138364,-0.0619942544814957,0.489511339104328,0.907007502162563,0.011
"122","Pseudomonas (RSV55)",0.00625048683523759,0,0.00178193169196747,0.000351189413217568,0.000254370393342961,0.00459954536539741,0,0.000926349281081888,6.12510785065325e-05,-0.00219494133326201,-0.00101956664374078,0,6.16742578196721e-05,0.00018177760458041,0.00081640867588677,0,0.00100642383552171,-0.00038856692750391,-0.00202470851025048,0.00104817323509456,6.97386538449152e-05,0.00155270198714185,0.00235729432148648,0,5.78088669360189e-05,5.35766516581272e-05,0,-0.000472158575221522,-1.26078119324044e-05,-0.00132522934297525,1.93696380578712e-05,-0.000625526214998325,0,-0.00185165665489939,0.00336498519129293,0.00065364065288293,0.0003510023016232,0,0,0.00113644103180773,0.000240119571954551,0.0002785783985142,0.000511554353510435,0,-9.89977089733397e-05,0.00137212891101625,-0.00231971214639806,0.000180013997594484,0,0.0032357600604968,0,7.0601988315798e-05,0,0.00149624121189707,1.09070416007526e-05,0.000339596501168305,0,-0.000363331441946206,0.000264783707361847,0,-0.000274869143328139,0,-0.000486121891643329,5.77121603005557e-05,0,0,-0.00242620444075188,-0.000740369348051256,0.00035412469122694,0.000860130154016703,0.000707682433306564,0,0.00184647260027929,-0.00311965901799535,0,0,-0.000201689977564417,0.000541803093200781,0.000450752628428011,0,0.000653854246049439,0.000399817808768714,-0.00125237908236532,0.000826023020914452,0,-0.000714545611992578,0,0.00239082094791378,0,0.000296522341394081,-0.000494369590531759,0.000103819544471963,-0.00029720666728953,0,0.000451850884620681,0.00221431512050395,-0.00364824970009273,0,0,0,0.00039570947456397,0.00124397752898678,3,45,6.7,0,-0.132086290077651,0.387079187259912,0.89755031281021,-0.0675095765865393,0.51647546269154,0.929396270620321,-0.0530280262213391,0.526016770550805,0.935315295461068,-0.0349962466654848,0.525521893992906,0.926707740740501,0.003
"45","Corynebacterium_1 (RSV777)",0,0,0,0.000612309392345641,0,0,0.000357294808223579,-0.00126598183081078,0,0,-0.000878642561942701,0,0,0,0,0.00125114334092478,-0.000755663143573745,0,0,0,-0.000405882485685684,0.000427332346500484,-0.000949744607312689,0,0.00241698195385982,0,0,0,0,0,0,0,0,-0.000139984788592281,-0.000744615045534573,-0.000353200243955342,0,0.00101949737332626,0,0,0,0,0.00188362336533354,-0.0018342155895356,0,0.00132483221265914,0.00172738218121142,0,0,0,0,-0.000188777589399117,0,0,0,0,-0.00113612175018127,0,0,0.00209813701980277,0,0,0,-0.00513353480160652,0.00380033680211292,0,-0.000120818412481429,-7.45272136970934e-05,0.00157742674175809,-0.000401859091474051,0.000217801819485177,0,0,-7.65679952155084e-05,0.00129790731682892,0,0.00250034261048677,-0.000357516635296193,-0.00294515370277725,0,-0.00177813723918801,0,0,0.000170761167259663,0,-0.00149619399315735,0,-0.000818957026061561,-0.000767140520991782,0,0,0,0.00128939397130798,-0.00121193002471468,-0.000777607018270797,0,0.00189684870984851,-0.000355644582370724,0.000156609024059535,0,0.000384464096866251,0.00114099370509911,3,45,6.7,0,0.143207742414062,0.34799632936881,0.887252984643779,0.0852151148309304,0.464953785716448,0.913141547425431,0.0740411704280129,0.450242785012242,0.91701394218879,0.0488271932925395,0.460572072525882,0.909927803770742,0.011
"105","Neisseria (RSV761)",-0.00263960469304262,0.00586671657665404,-0.000584547780138693,0.000987968763166433,0,0.000975793381736911,-0.000396951895381402,0.00321930351809064,-0.00582084708740359,-2.62881235991441e-06,-0.0131744135053567,-0.00151592010203837,0.00227768111894625,0.00035341766982752,-0.000837683896666594,-0.000827022733045475,-0.000542255694847894,0.000981907514961332,-0.000202623770941852,0.00168208055351753,0.00742107838210478,0.000866754072384312,-0.000690231184611626,0.000235938093096922,0.000354912732490358,0.00049158769200738,-0.00133446231399838,-0.00306127727234901,-0.00253617732833746,-0.000297038949508989,0.000173448699666834,-0.000567974271533937,-0.00473283849858193,0.000419952944629184,-8.04282321249583e-05,-0.00332343028994953,0.00158899930741162,0,-0.00316619487310325,0.00356433099848501,0.00043869783822593,0.00453944049937753,0.000655353750831369,-0.00157163430219619,0,-0.00173169994173695,-0.000663053128049559,-0.00164854015957433,-0.00368465428416751,0,0.000647415401469126,-0.000296710672797999,0.000400254894136936,0.000348269506541036,0,8.79367058244411e-05,0,-4.5079864261599e-05,-0.00306393062933253,-0.00132298981237419,0,0.00596531212111218,-2.89352107339081e-06,0.00602754266107299,-0.00341637103735318,0.0030729283247143,-0.00427523257712845,0.00592226458849786,0.00177826190594424,0,0.00494041300800801,0,-0.00162827107902222,0.00125986578053577,0.00140743547415481,0.00392230656382602,0,0.000228765877544569,0.00075279567686673,-0.00286098695291406,0.000245263841467782,-0.00241949366859072,-2.80711221551651e-05,-0.00167771694074454,0.00564606755790041,-0.00327209943884128,0.00656195301332042,-0.000202833430308616,0.00125639613922425,0.0025802222298808,0.00310680027129852,-0.000948815258898924,0,0.000437070426048459,0.00139299563902603,-0.000941382541456388,0.00154369827176456,0.00614928657237934,0.000145829203705121,-0.000800998228622527,0.000350445963176527,0.00203528948935349,5,45,11.1,0.2,0.175194124090872,0.249692764500245,0.887252984643779,0.135508872412468,0.418364816536768,0.910275659287786,0.10387773512241,0.495138263545828,0.933801653014577,0.0708618671189559,0.491561034035913,0.922318257465079,0.237
"93","Kocuria (RSV774)",-0.000645524851956911,-0.00350134741206225,0.00360701792620018,0,0,0.00123559473760036,0.000925506202419237,0,0,-0.00162467792580636,-0.00125060920410483,-0.00140964658087793,0,0,-0.000501048998446335,0.00326158950841578,0,0.00044752327135761,-0.00131269305136473,0,-0.000879005339127841,0,-0.000980553575295078,0.0013254278432174,0,0,0.000321768639030048,0,-0.00458630048115032,0,-0.0086200013285546,0.000839217606140672,0,0,0.00201421880421306,0,0,0.00123628151151857,-0.000766573320039253,0.000420847407640878,-0.00384534426199928,-0.0011913515021255,-0.00144854495353995,0,0.00341451162053105,0,0.00489274035032919,-0.00604771263953901,0,0.00190850380068609,0,-0.00203980697505358,-0.000995358424067516,-0.00325046330282001,0,0.00132465025751151,0,0,-0.00143459983634757,0,-0.0016061241477741,0,0,0,0.00143859323359075,0,-0.000712449438056247,0,-0.00241089758222975,0,0,0,0.000467337610108807,0,0.000494956301044485,-0.00456760011913076,0,-0.00125295085437924,0,-0.00146574925344286,0.000219470617112814,0,-0.00187788498521983,0,0,-0.00243141015306296,0,0.00147904969480194,0.00029870886756009,0,0,0,-0.00267244044394773,-0.000521195004507382,0.000448699070013147,-0.00279012000179897,2.05250455025755e-05,0.00457882353729327,0,0,0.000327442703001196,0.00114583925214312,3,45,6.7,0.2,-0.00578924916141953,0.969892663583043,0.979995712162033,0.00957791906296439,0.615776750858407,0.944435667600288,0.00771264336647071,0.546935241222663,0.941845217478934,0.00578528738914518,0.53415599270442,0.928888006626142,0.232
"67","Ezakiella (RSV1208)",0.0091941365069507,0.000329141597807597,0.000269016376626993,-0.000428583271322109,4.0875243387184e-07,0,-0.00124546477535199,0.000487367318448357,0.000282749596869315,0.00101981214332289,0,0.00211433918252255,-5.29218653066489e-05,0,0,0.00191987827046524,0.00437361909622061,0.000330397365850946,0.00412682342016048,-0.000587030905207245,0.00514356114509481,-7.79265927869178e-06,-0.000635469545313417,0.000290787262096357,-0.00263595910981739,-0.00243790709415144,0,0,-0.000521942085570569,0.0047037734390775,0.0004988449610873,-0.000438758036778758,6.60017361637825e-05,0,0.002852946181688,0.000546023179121188,-0.000295585978771707,0.00536149140437023,0,0,0.00184689014166245,-2.18337937120301e-05,-0.000733001696193881,-0.00319531473282359,-0.00158575752295085,0.00206008263267629,-0.000113850193597428,2.26365540621885e-05,0,0.00218361449452831,0.00518898432461034,-0.00321169618576795,-0.00295788596940482,2.41995956862979e-05,-0.00169208237574165,-2.22154791291526e-06,0,0.000288307440337243,-0.000370093828843418,0.00441544505103192,-0.000186023720274184,-0.00129292473067651,0.00255194404275739,0,-0.00293394789081397,0,0.00113238935051253,-0.00052592737445854,0.000123274158589481,-0.00172597115347457,1.37301218245887e-05,0.00082134664582348,-0.0011266318508773,0,-0.00162131520942826,0.000993938636354839,-0.0032156308101429,-0.00177724425970191,0.000279352121090788,0.00373002911270468,7.47709938517254e-05,-0.00129376951455322,-0.000512822609406262,0.00297148255103907,-0.00414279887027947,0.00279575243331805,0.00127949992362748,0.00132561522995596,2.76752809491169e-05,-1.47180616599123e-05,-0.000341782376451345,0,0.00199387518488149,-0.000415975699398292,0.00357581838439801,-0.000216142910672634,-0.000535615536238704,0.000378884607839381,0.00134135738312496,0.000620228561654404,0.000308124751073313,0.00256293351042199,5,45,11.1,0.1,-0.12341020285753,0.419286957299867,0.903796330179714,-0.103431371650141,0.473044059903155,0.919661577324152,-0.086192804477375,0.475417964214477,0.920309115869481,-0.0632746049692573,0.470113147216471,0.910809501271648,0.066
"26","Bacillus (RSV114)",0,0,0,-0.00232824311928649,0.00105826544365631,0.00143439461922114,0.000406137450472638,0,0,0,0.000157858905929414,0.00119995201314052,0,0.000227860539469183,0,-0.00186592691632848,0.000823964432618105,0,-0.0019467912823901,0,0,-0.00186153803132555,0,-0.00101800024068359,0,0,-0.00378452704552671,0,-0.00464575673393271,0.000414434881265704,0.0010502213280793,0.000397007623690876,0,0.00536562386746119,-0.000133305107156267,0.00128074319817203,0,0,-0.00256821891607473,0.000537015725425279,0,-0.000390758679630369,-0.00410343376472485,0,-0.000273725489133392,0,6.39537389738734e-05,0,0,0,-0.00121409176289906,-0.000439106570514228,-0.000331163585014126,0.00415173105263407,0,-4.30639886911971e-05,-0.00127263762365601,0,0,0,-0.000192947026462487,0,-0.000584716846216707,0.00021847477056857,0.00018674448804893,0,-8.38746445735543e-05,0.000440043141367103,0.00162960944589223,0.00331791482662644,0,0,-0.00429089935864237,-0.00204857646376756,0.00259057956275338,0,-0.00200667616515071,0.000250201985483692,-0.000350842423207605,0,0.000807658849718278,0,-0.00164746527857825,0,0,-0.00327628292803275,0,0.00495979434398524,0.000331029853838992,-0.000855955847438646,0,0,-0.000849534703890616,0,-0.000746444938860733,0,-0.00320618222820809,0,0,0,0.00030477617725935,0.000996292302038823,3,45,6.7,0,0.161184884546891,0.290160333953081,0.887252984643779,0.0906309675560656,0.492019875922487,0.930179911318289,0.0750747387595581,0.499875167791178,0.929442629335212,0.0498546350419779,0.503507695128046,0.920691673524835,0.013
"141","Staphylococcus (RSV111)",0.00220383704682834,0,0.00756685418663326,0,0.0032379034774269,0.0017109011369018,-0.0002516028334692,0,0,0.00231347221242656,-0.00213056527883157,0.000545055364967908,0,0,0,0.000896398096515586,-0.00291431184031455,0.00176485496803877,0.0014075513837275,0,0.00290224115491327,-0.000247150512243616,0,0.00364581105449184,0,0.00033231284289781,-0.000410406555211023,0,0.000598984306592732,0,0,0,-0.000244216263610204,0,0.00128740362670734,0,0,0.00173631242016278,0,0.00122158216494238,-0.000945507293161845,-0.000436408839372988,0.00330825166166516,0,0.00131226174903642,0.000709575706871879,0.00402813909445758,-0.000525305708341982,0,0,0.00276215122964827,0,0,0.00298730991085197,6.52708949656597e-05,0,0.00179682154420865,0,0.000580611828409864,-0.00215257845451091,0.000621697846250947,-0.00168361060785366,-0.000882129954618633,0,-0.000538738076396031,5.27638939323502e-05,0,-0.0023736030713676,-0.00251900726284609,0,0,0.00268277400480952,-0.00102555183330224,-0.00116753035900488,-0.00276210700403264,0.0011408953337159,0,0,-5.4797237528184e-05,-0.000107597618585074,0.00218096593914831,-0.000643522814717982,-0.00178333211535062,3.45096232214221e-05,0,0.00116909351570968,-0.000933022587742169,0,0.00258839706224834,0,-0.00237924132502487,0,0.00142115735496067,0,0.00149357605035628,-0.000830138514995267,-0.00147510372412862,0.00209142696958704,0,6.84055868482678e-05,0.000271942730459258,0.00133836451086339,3,45,6.7,0,-0.0475327825884972,0.756513698959785,0.959370452745787,-0.0511916669449116,0.566654486991395,0.938555156814517,-0.011619408125648,0.553487608504976,0.943439506658847,-0.00776113690729586,0.547073766553807,0.932315146151128,0.015
"72","Gardnerella (RSV1980)",0,0.00443063655021709,-0.000732527570589793,0.00341946003870994,2.9661391623992e-05,-0.00113192388247554,0,-0.00074168911752721,-0.00030948058908873,0.0026988859493258,0.000103625725338562,0.00241282405451331,0,0.000399460665255563,-0.00192483672985505,0,0.000832003475730116,-1.62677135981966e-05,-0.000820528446477027,0.000434017451497778,-0.00160205962450882,0,-1.58481243958245e-05,0.000968992693244114,0.00265249662505114,0.00184586673379724,0.00380704648174532,0.000634008062710014,7.02426604330176e-05,-5.1905354722777e-05,8.94771216722283e-05,0,0,0.000705478581330208,-0.000576405544546439,8.04097277558914e-06,0,0,0,0.00204015231143133,0.00127091182686292,0.00205771353700157,-0.0023404048895436,-3.82697448826423e-05,0,0.000568753923570535,0.000413841842886379,0,-0.0015767233009632,0,-0.000559162194657201,-4.35855662026022e-05,0.000867135056475171,0.00029758870762533,0,-0.00102603355866599,-0.003367255094903,0.00309343943393537,0.000771933522476465,0.000308412238605321,-3.01346637610427e-05,0.00281082403769129,-0.000536961704823509,0,0.00106860963817416,0.000394168786786967,0.000210609754105317,-0.0033460431876815,0,-3.539938696599e-05,0,-0.000236595220826556,0,-1.50563529724215e-05,0,0.000618151510704831,0.00401238576921485,0,0,0.00140756548005489,-0.000651186192368463,0.000103681920765336,-8.72137576827091e-05,0.000147774166728753,0.000715785444711103,-0.00071654968570394,0.00204511956021942,0,-0.000121965769783949,0.000220175664636811,0.00281448181697128,0.000206198576014239,0,0,-0.00115886573681336,0.000116523550453744,0,-0.00489225597915439,0,-0.00261232700706933,0.000260801121756969,0.00132383756843807,4,45,8.9,0,0.0322950413547688,0.833199232255184,0.959370452745787,0.0572699607293267,0.538369365944203,0.932010741591737,0.0389049944081235,0.543007727777658,0.939117747257489,0.0272193029620437,0.543675771843738,0.925889458507587,0.006
"68","Ezakiella (RSV567)",0.00332641466979549,0.000216022547356744,2.01418641270288e-05,4.13712488810347e-06,0,0,0.000884498035579904,0.00162699287786627,0,-0.000787857659907196,0,-2.39188750120914e-05,-0.000892637831706579,-0.000273886647273294,-1.90231985004032e-06,-0.000297352773530461,0.00192678130025975,0.000564674787481709,0,0,0,0.000595836844248818,-0.000625178591180316,0,0,-0.000221099335926818,-0.000880029075974241,0,-0.000406854194833352,0,-0.000627374786431172,-0.00130693336764276,-0.000682571691631857,0,-0.00228354677473975,0.000417882572556311,-2.94260061189959e-05,-0.000258002506665576,0,2.76259369603972e-05,0,0.000240221304919977,0.000960354267174011,-0.00230899308332898,0.000694635030949401,1.2999530301208e-05,-4.25784399371588e-05,-0.00114665676530151,0,0,-0.00338495530453167,-9.87568847476202e-05,0.00071109064557087,0,-0.00290781798549002,-0.000401149557898303,0.00136968612252058,0.000570805902009539,0,0.00411111582099714,0.00103925463401274,3.07021555229729e-05,-0.00430948306503059,-0.00105031015313943,0,0,-0.000324541669409054,1.13545571061659e-06,0.000907106105058868,0.00037586170056362,0.00154806595015668,0,-1.0695141290671e-05,-3.89396706036339e-05,0.00240493508724777,0,0,-0.000290036430676728,2.63241372636672e-06,0.00171277567301681,-0.000297195544008045,0.00120900648365723,-5.70413997278577e-05,0,0,0.000606478169948135,0,9.03543705009824e-06,0,0.00138546536543852,0.00160201112022354,0,0,0,1.67725449494107e-05,0,0.00272320898548537,-0.000695473714796401,0.00177293220750433,0,0.000237403121006803,0.0014748139042328,4,45,8.9,0,-0.190834335278179,0.209221241979787,0.887252984643779,-0.130107069148232,0.4212764513025,0.894501657152668,-0.108217898554476,0.488354833401226,0.925583594099492,-0.0767578020811175,0.474557734019567,0.912503107222714,0.019
"150","Staphylococcus (RSV468)",5.93291359451086e-05,0.000790691668081668,0.00209910564651396,-0.00133467177949657,8.05321300060946e-06,0.0015075574123355,0.000840785081212581,0,-0.00148768149665636,-0.000524563766074085,-0.000402311839357611,0.00017113389295344,-0.000434729728137948,0,0.00204073147810967,0.0032999349339141,3.74495659801596e-05,0.0012246442475135,-0.000224733201986602,0,-0.000263398945618738,-0.000327527530062649,0,0.000535488957807324,-0.00119159850942042,-4.14173382131734e-05,0,0.00020628590106476,0.00145779326100199,-0.00126082984035416,0.00362915054328559,0,-0.00193453467397346,8.8153834740367e-05,-0.00305563432928018,8.86557524285337e-05,0.00268691547436071,-0.00175061098494245,0,0.0012418810428307,0.00108552182166136,0.00193826378517164,-5.11133097481806e-05,0.00286128922598208,0.000794075647049118,-0.00160683761735798,0.000794001454496704,-0.000436300257454785,0.00210366239837088,0.0010155567520675,0.00207706743794231,-0.000718518019569909,-0.00343453041800093,-0.000935177960803545,0.00107727859633906,0,0.00326774863828318,-0.00149783520524889,-0.000113342003283305,-0.000529349837743067,-0.000345412803986383,-0.00222807399785843,-0.000390107973188324,-5.52480280322792e-05,0,0.00196338618627434,-0.000775001225092043,0.00181201205823936,8.49941774648838e-05,-0.00066439144199994,-0.00057028291451391,0.0044946354951682,0.00101630406909321,0.00163558632140807,0,0.000146108398203836,0,0.000630098652378159,0.000827072717603309,0.0027352477177375,-0.00287911101419511,0,-0.000385960769280591,0.000107833278223874,0,-0.000557363753121378,0,0,0.00353999129734071,0.000906528512240108,0.000656476654891109,0.000270005543343976,-0.000904764752620371,6.22600224753838e-05,7.60191285996449e-05,0.000587856341408477,-0.000773953279151008,-0.000204311214477222,0.00113434226048374,0.0012096951116146,0.000193934973735834,0.00127512544917483,4,45,8.9,0,0.134785089951721,0.377365791116806,0.89755031281021,0.0961379880416054,0.508449277076853,0.930392992684538,0.0910878417448026,0.499479893937074,0.928087147112215,0.0618994137046244,0.49972027075055,0.918770392944598,0.013
"23","Alloprevotella (RSV1015)",-0.000523679897853986,0,0.00413807073398428,0.000205836439372813,-0.00110987398587366,0,-0.000664728720184904,0.00201156481302251,-9.97884939357441e-06,0.00423916128606529,0,-0.00101983835948969,0.00566220065291619,0.000315519950034216,0,0.000211788374178466,0.000564317552100089,0,-0.00242994976396897,0.00149256321596863,0.00242467247320425,0,0.0014349315280105,-0.00390967356996368,0,0.00223913149651071,0,0.000785818245962389,-0.000379314039585787,-0.00124702532661685,0.00579505830128236,0.000197565198029749,0.00120453855859264,-0.000689524828165462,0,-0.000124165068039822,0,0.0010827985297449,0,0,0.00191219209335376,0,0,0,0,-0.00189369117899884,0,0,-0.000441309435600172,-6.14950608677576e-05,-0.000313132593463355,0.000526714021907825,-0.00302076519973422,-0.00329444567801357,0,-0.000953725316756671,0,0,0,-0.000759220207745979,0.0015803868506679,0.000835507770650195,0,0.000967107028064095,0,0,0.000310695667801703,0,-0.000716524263207031,0,-7.76957660982755e-05,0.00203010123098072,0,0.000125919000673434,-0.000611674769024682,-0.000622061204626754,-0.00287400569704753,0,0,-0.00351845455262059,0,-0.000461969249226255,0,0.00186496930834781,-6.57360744787676e-05,-0.000313129583230177,4.80940783421702e-05,0,9.18742151776504e-05,0.00259553053359893,0.000997037925335569,0.000408356096936967,0,-0.00104247698713256,0,0,0.000350148336215621,0,0,0.00284938433125886,0.000190157969483172,0.001629592800338,3,45,6.7,0,0.0533314252198654,0.727886387243697,0.959370452745787,0.021145796409254,0.573683193833229,0.941543074308589,0.0095100639908511,0.564092763964006,0.943790562422637,0.0087411582682986,0.564233570034154,0.931206099786778,0.004
"112","Prevotella_7 (RSV783)",-8.26285773206829e-05,-3.93254137454164e-05,0.00321411625874592,0.000768247681294404,-9.63055494026085e-06,-0.00137446750912918,0.0010581728006115,0,0.000367144355303511,0.00192763564710379,-0.000638356138019813,-0.00045284329715626,0,0.000331637250624483,0.000794391294600659,-3.76803363102539e-05,0.00155826106058375,-6.2702558738604e-05,0.000789673500941154,0,1.45994224354983e-05,0.00313759047082686,-0.00150917123292169,-0.000937121530359006,0.000256169887558188,0.00308263897110655,0.00108050838698345,-0.000117238442215617,0.000980685384883225,0.000723869242375678,0,-0.000941387146764813,0.00218344437240584,-0.00239067499824431,0.000116798925006374,-0.000277836750823315,0.0024746135206565,-0.00414683966178782,0,0.0024374741898494,0.00225083805456317,-0.000244952943210848,-0.000133732683300705,0,-1.76784733697759e-05,0.00285871302880539,-0.00024376603761425,0.000953045417819547,0.000803118154789619,0,0.00133232606174786,0.00157677060751431,-0.0010537688199425,0.00355099440451688,-0.001328248403414,0.000456723824598539,0,-0.00327729865634721,0,0,0.00317736249842607,-0.000984156128737638,-2.05983626366667e-05,0,-0.000535758407555035,-0.0023683825449126,-0.000496147533387597,-0.00541336124778154,0.00836744551468115,0.000209597877499058,-0.000179747619104493,-0.000381405179805711,-0.00198982352833191,-0.00173217998705654,5.05831234555243e-05,0.0020464312154359,0.00191246133408908,0.00350116056707862,-0.000398589288951546,-0.000236142671583541,0.00212217302445405,-0.000110826674675398,0.00162445454543493,0.00636275806791854,-0.00061868548906333,8.91205805317578e-05,0.00555286675079555,-0.000847357670346381,0.00218117039684317,0.00101743520600347,0.00317353216432514,-5.79728481895241e-05,0,-0.00292109614511515,-0.000291521725441729,-0.000328600128390372,-0.000231969239583332,-0.00183169408534548,0,-0.000734243352379516,0.000188102315785248,0.000869957742512512,5,45,11.1,0.1,-0.0504694306478185,0.741972749114931,0.959370452745787,-0.00303345679998359,0.620264233976201,0.944065342871478,0.0435797292622537,0.547022296452447,0.935898765791053,0.0289106301495807,0.545221566192389,0.920424412149074,0.058
"111","Prevotella (RSV843)",-0.000860013938030081,0,-6.57881329995697e-05,0,0,0,0,0,0,0,0,0,0,0,0,0,0,0,0.000613252671446375,0,0,0,-0.000130489233382569,0,0,0,2.45003296085696e-05,0,0,0.00154910559118151,0,6.62281098817888e-05,0,0,0.00101419339112774,0.000385667813940355,0,0.00342468717646169,0,0,0.000207909742614574,0,-5.62879339651185e-06,0,0,0,0,0.000154943371141194,0,0,0,-8.23602653246288e-06,0,0,0,0,0.000480620052895864,0,2.21541713862123e-05,-0.00141388548994402,0.00125928195863055,0,0,0,0,0,4.45990145007832e-06,0,-0.00149660022389824,0,0,0,0,0,0,0,0,-8.65950516096717e-05,0,0,0,0,0,0,0,5.87417603073716e-05,0,0,2.55973407102275e-05,0,0,0,0,0,0.00131420931822047,0,-0.000772258402421535,0,-0.000755026208786903,0.000416471167940726,0.000144004698926321,0.00060320354622882,3,45,6.7,0,-0.163317765816888,0.283739383644788,0.887252984643779,-0.094464750518012,0.484658411071166,0.902921258143997,-0.0907841538386215,0.491609095971994,0.915670273285197,-0.0611248806935094,0.484235230104317,0.906143804055583,0.011
"106","Pantoea (RSV1987)",0,0,-0.001926028922978,0,-0.000145337742925792,-0.00385595234874384,0,0,0,0,-0.000609960031122502,0,0,0,0,0,0,0,0.00243928188379745,0,0,0,-0.00255369739219831,-0.00153682286893827,0,0.00411319016330911,-0.00268690693416017,0,0,0,0.00205270799368373,0,-0.00301590233771101,0,0,0,0,0,0,0.00200976865916605,0,0,-0.00324000832836342,0,0,0,0,0,0,0,0,0,0,0,0,0,0.00183263620005403,0.000518409123437307,0,0.000454702983905028,0.00215122089613952,0,0,0,0,-0.00210683107350634,-0.00237373120735164,0,0,0,0,0,0,0,0,0,0.000389681054026153,0,0,0,0,0,0,0,0,0,0,0,0,0.000366970835594044,0,0,0,0,0,0,0.000588824477118311,0,0,0,0.000134305236786967,0.000461174563825065,3,45,6.7,0,0.0997883737034157,0.514275622094636,0.959370452745787,0.085088407549403,0.534073446784483,0.931502962685113,0.0454430347205174,0.546000806503658,0.941839321469166,0.0292899932570656,0.529537430211712,0.925434505197002,0.025
"119","Pseudomonas (RSV3850)",0,-0.000344453852989159,-0.00141482302264596,0,0,0,0,-0.001539930144247,0,0,0,-0.000632691801574145,-0.000299484153415408,-0.000664342347812532,0,-0.00475215326063547,0,0.00077237489828408,0,0,-0.00131820140345981,0,-0.00199566164640945,-3.34713760943347e-05,0,0.000544945084804274,0,0.000597615226773518,-0.000112409473758989,0,0,-0.00105669989563013,0,0.00186359269427764,0.000904219233021085,0,9.47616247447038e-05,0,0,0,0,5.25273088756251e-06,0,0.00250197134486782,0,0.0013324645088942,0.0022668121026845,0,0,-0.000977519494167874,0,0.0027861803600918,0,0.000388461312461436,0,-0.000401851874050713,0,0,0,0,-0.000248430396625048,0,0.00359240906932351,0,-0.00142428227278458,0.00135475929013864,-0.00359446503478669,0,0.00221920702387782,0,0.000653419486013713,0,0,-1.46918848045639e-05,0,0,0,0,0,0.00219257833082793,-0.00147373177925482,0,0.00317006325249452,0.00117042640148186,0.000735605506457509,0,0.00318754723640275,-0.000225037151724647,0.00019564351208793,0.00059908861280464,-0.0015647642030774,0,0,-0.00108403380574962,0,0.00485454720415103,-0.00361143977161522,0,0,0,0.000101484495807935,0.000699743452294935,3,45,6.7,0,-0.0344368631419703,0.822309618721759,0.959370452745787,-0.0217422778382511,0.5801968972228,0.941507265022344,-0.0241714984309573,0.568541100369396,0.946134402774522,-0.0164390679910136,0.563799218198921,0.935531804199727,0.005
"113","Pseudarthrobacter (RSV7436)",0.00195213589362483,0,0.00123433747200879,0.000755513560223744,0,0,0,-0.00238469253179177,0,0.000115155208599054,0.000669239596905273,0,0.000189692086393068,0,0.000158794371459571,7.19458122257297e-05,-0.00125291031960426,0,-0.000406686114165553,-0.000510044471822215,0,-0.00195052425096847,0,-0.00178993525820244,-0.000721640009006966,0,-0.00238105069884831,0.0011614866083009,-0.0001268480132126,0.00242392908871333,0.00118263816597098,-0.00276877563435566,-9.24753883828122e-05,0,0,2.51324187074427e-05,-0.000180897473560986,0,0,0,1.92623181293619e-05,-0.000537188083198777,-0.000374493341435424,0.00138890484160635,0,0,0,-0.000128015661363171,0.00134771372019969,-5.74400901724914e-05,0.00258311683030447,-0.00143067594403701,0,0,0,0,0,0.000414182724632857,-0.00349247876140926,0,8.25998705242636e-05,0.000125586845857576,0.000189765374453441,0,0,0,-0.000675326782053137,0.000284569358069218,-0.00064241261179743,0,0,-5.08038562962823e-05,0.000320012001537045,0,0,0,0,0,0,0,-0.000308258752016043,0,0.000593865135000714,-0.000230128185819029,-0.000105839868717122,0,0,-0.00144818383340166,0.000153395403526743,6.25510160128992e-05,0,1.62879464732058e-06,-0.00456985853921806,-0.00226949214710698,0.000116846913506122,-0.00232593273161621,8.04938691433418e-07,0,2.32958235382367e-05,0,7.41156079286091e-05,0.000590139282097569,3,45,6.7,0,-0.170782850261876,0.262001837289273,0.887252984643779,-0.0791536179612613,0.519986649040591,0.933119019999817,-0.0748760548073786,0.501600478192644,0.935189567798671,-0.0493962379537669,0.506221417394619,0.922251656250951,0.015
"66","Exiguobacterium (RSV364)",0.000757510357637358,0,0,-0.0016335440878139,0,0,0,0,0,-0.000941874893619128,0,0,0.000613768169319225,-0.0031061410194043,0,0,0,0,0.000234303631263196,-0.00011849188210377,0,0,0,0,0,-0.000119981473092298,0,0,0,0,0,0,0,0,0,0,0,0,0,0,-0.000104944357057126,0,0,0,0,0.00162739596211308,0,0,0,0,-0.0032954939711454,0,0,0,0,0,0,0.000364691303799917,0,0.00036147933777316,0.000131485123681153,0,0,0,0,0,0,-0.000294092458220151,4.54659947111011e-05,0,0,0,-3.69211233967993e-06,0,0,0,0,-0.00282818109391073,0,0.00203845849172112,0,0,0,-0.00129080192315047,0,0,5.34921563353871e-05,0,0,0,-0.00348994012035805,0,0,0,0,0,0.000414057980565076,0,0,0,6.6978552688569e-05,0.000517962935325862,3,45,6.7,0,0.103310589425911,0.499461615038465,0.959370452745787,0.0544754526228606,0.492277707800686,0.916336277447626,0.0583780806227738,0.486935341434082,0.928706526359426,0.0406234660931779,0.476321658097658,0.915030556466159,0.001
"167","Streptococcus (RSV17)",0,0,0,0,-0.000196667306466212,0.000362999875350434,0,0,0,0.000243590178169034,0.000648208017429214,-0.000112399928210094,0,-0.000531241501566817,-8.97953986744445e-05,-0.000514194699496624,0,0.000280117137257432,0,0,-0.00081801615268191,0,0,0,0.00147691888579603,0,0,0,7.18818241992878e-05,0,0,-0.000230823256698528,0,-0.000131238490510453,0.00107000184528442,-0.000153329691475877,0.000221841008255714,0,0,0,0,0.000176632059256406,0,-0.00285467304681982,0,0,0,0,-0.00160466069571264,0.000275033578525349,0,-0.000154587583821529,0,-0.000221188864335493,0.000405295222228572,0,0,0,0.000601045185638089,-0.000551922679170172,-0.000536203141520637,-0.0010452675107222,0.000865081627411349,0,0,-0.00019354112401818,0.00124820476350146,-0.000446178608086278,0,2.25151215056743e-06,0,0.000684532922480888,0.000358383110222526,0,3.57175222685199e-05,0,0.000381889895074271,0,0,-0.00092540132623277,0.00110311597257197,-0.000114952414514524,-2.00515286822342e-05,0.000840886148151902,-0.000407915045964632,0,0.0010271488756601,5.79981165370673e-05,-0.000891043021790824,-0.000174693916064081,0,0,-0.000529745324019675,0,0,-0.000126697725999046,0,0,0.00112418376196632,0,5.81206535925093e-05,0.000511128676722844,3,45,6.7,0.1,0.0671857600048951,0.661017207872775,0.959370452745787,0.0792499511352648,0.500061043053361,0.924234384518383,0.045442005269988,0.492761658600823,0.935658526584448,0.0314397175328136,0.493279321107728,0.924740856843993,0.097
"24","Allorhizobium-Neorhizobium-Pararhizobium-Rhizobium (RSV731)",0.00056550129596085,-0.00166482161188407,0,-1.23776588823432e-06,0.000240747079039925,0,-3.86470218122424e-06,0.00036885452628022,0,-0.00112093657899628,0,0.000263121720184992,-0.000644141506133348,-0.00424390916039849,0.00528724046365681,-0.000238552855460162,0.0030076185038149,0.0030227459765639,0,0.00120851676554895,-0.00312645356813178,0,-0.0015803783515676,-0.00546243338273601,-0.000643082001779853,0,0,-0.00354074502273207,-3.72050160789306e-05,0,-0.00421733258936407,-0.00289772229736362,0,0.000304499219642385,0,-0.00157041615419267,0.00323960815395469,0,0,0,-0.00525519392220778,0,-0.00197160708913333,0,0,0.00118411271343293,0,0,0,-0.00287326627080899,-0.00228213079918149,0,0,0,0,-0.00137861495807986,-0.00175070564798557,-0.00231818542969127,0,0,-0.00509840901092031,0,0,0,0,0,0,0,0,0,0,-0.000949817687175892,0.00230265532485936,-0.00149217387490582,0,0,-0.000622922547696774,0.000679868174790122,0,0,0,-0.00262037455355752,0.00554700724920791,-0.000657487420479617,0.000483979588336734,-0.000681596405341116,0,-0.00403958454293566,-0.00412853192768589,0,0,-0.000426422244125069,0,0,0,0.00315160515590736,0,0,0,-0.00159483712383182,4.94180960582739e-05,0.00148904764188816,4,45,8.9,0.1,0.0282915238314504,0.853635702631989,0.959370452745787,0.0350009775427954,0.586331792868928,0.94930420923312,-0.0282553286811962,0.601511375279804,0.951246815167626,-0.0211336864461396,0.593937091338451,0.939443313634375,0.069
"49","Cutibacterium (RSV1053)",-0.00536934680796227,-0.0115773087850451,0.00633935957317135,-0.00626030666733458,-0.00271582571027858,0.0129192797514579,0.00706633436504292,-0.0015195272222618,-0.000205635771996054,0.00342027544809564,0.00502743635827667,0.00287763106620689,-0.00734920765817975,-0.00134454191955372,-0.00834297987162942,-0.00631004327555847,-0.000614042042775989,0.00799394424804094,-0.00454110165666737,-0.00942791171202994,-0.00088622288330866,0.00596176874181221,0.00519406713796172,-0.00247742460078361,0.00174761329774482,0.00228249407305151,-0.0184230805104812,-0.00709658088822167,0.00704034821735938,-0.000346643215092274,0.00221725424087583,-0.00317250056354838,0.00813164620856317,0.0108933304207013,0.00590510634831433,0.00639975373717076,-0.00262976240116971,-0.00392715546164455,-0.00106569647078736,-0.00550288269274207,0.00442577212644282,0.00781559624657076,-0.00419699720205169,-0.00853931416138745,0.00428703835530837,0.00603135436732867,0.0125057603237566,0.00260044845363486,-0.00209731663079387,0.00782767444653356,0.0122632556730268,0.0057793185460973,0.00525242598542679,0.00551539197436374,-0.00350486385255113,0.00185468650430185,-0.00346697642967595,-0.00622428536041585,-0.00305608280340098,0.0215417631582379,-0.00496910843750577,-0.0150319807647767,-0.00221182468273602,-0.00353631307881413,-0.00853768194308104,-0.00141409005744397,0.00067240380477713,0.000234735070216642,-0.000470854094212664,-0.000685373231126906,0.0075027496990538,0.000111343126050516,-0.0182998351807133,0.00490508048059309,-0.000129143581446211,-0.00517731888713894,0.0117485483947836,0.00283215146934494,-0.000643759475890454,0.00505809543424023,-0.00263419488143127,-0.000387167745052954,0.00139376875214155,-0.0111489844038404,-0.0132994298475753,0.00779449474752138,-0.00653486397689906,0.00747223832300645,-0.00199872177438367,0.00359960619087745,0.00588388909186169,0.00106119347343609,0.00571396615343598,-0.00809433936485325,-0.00151912241123571,-0.00551616316687303,-0.00702358251871999,-0.000855329287329624,0.00399887820508482,0.00069085025288152,3.30824317226038e-06,0.00758618376488489,8,45,17.8,0,-0.070774299988925,0.644089599817082,0.959370452745787,-0.0617278839587307,0.617079784921869,0.947122719394004,-0.0635212154677935,0.563424001066149,0.939040649004109,-0.0440377340605423,0.557730055429796,0.928197060771977,0.035
"96","Lactococcus (RSV2730)",0,0,0,0,0,0,0,0,0,0,0,0,0,0,0,0,0,0,-0.000611928690214553,0,0,0,0,0,0,0,0,0,0,0,0,0,0,0,0,0,0,0,0,0,0,-0.000182344345011285,0,-4.91886129183745e-05,0,0,0,0,0,0,0,-1.82541800892011e-06,0,0,0,0,0,0,0,0,0,0,0,0,0,0,0,0,0,0,0,0,0,0,0,0,0,0,0,0,0,0,0,0,0,0,0,0,0,0,0,0,0,0,0,-0.000790530059140743,0,0,0,0,0,0,3,45,6.7,0,-0.0496656638584939,0.745944055401101,0.959370452745787,-0.0285016715708367,0.572678289078974,0.946038424304861,-0.0159060401301841,0.542994615629918,0.942603900160458,-0.0103692582712548,0.536311822708741,0.930004656898053,0.008
"139","Sphingomonas (RSV8724)",0,0,-0.00297032740543872,0.000819354063378191,0,0,0,0,0.00890695497297372,0,0,0,0,0,0,0,0,0,0,0,0,0,0,0,0,-0.00129258456278294,0,-0.00230297189521622,0,0,0,0,0,0,0,0,0.00275410766423107,0,0,0,0,0,0.00240485347802998,0,0.000883004706763435,0,0.00967405098777791,0,0,0,0,0,0,0.00897473865917584,0.00031234823703354,0,0,0,0,-0.0045175800527074,0.00113126145020668,0,-0.00283087335304527,0,0,0,0,0,0,0.00209994001682631,0,0,0,-0.00381892740155843,0,0.00367714936579138,0,0,-0.00255075432763396,0,0.0046011231735119,0,0.000935158995152773,0,0,0.00168085451600152,0,0,0,0,0,-0.00645613222003192,0,0.000237151207052953,0,0.0031662934900236,0,0.00508065383564052,0,0.00109646838036102,-6.29093558615413e-06,0.00118980289681135,3,45,6.7,0,0.149911083548337,0.325654535940674,0.887252984643779,0.0995980694258755,0.473953383923585,0.910015016520357,0.0507241159364804,0.516816032139617,0.932118326596984,0.0345378495772738,0.50347889529013,0.918032235322689,0.002
"181","Subdoligranulum (RSV120)",0.000816489863009289,0,0,0,0,0,0,0.0011302000516058,0,0,0.00123535128328822,0.000252648150296979,0,0,0,0,-8.14550295403365e-05,0,0,0,0,0.000964575881032352,0,0,4.70547483880798e-05,0,0,0,0.00253997790001204,0.000245083411687928,0,0,2.47558306965345e-06,0,0,0,0,-4.97396742546081e-06,0,0,0,-3.862366455804e-05,0,0,-0.000701087403453569,0,0,0,0,0,0,0,-5.70290984936881e-05,0,0,0,0,0.0044350215408047,0,0,0,4.47690689875869e-05,0,0,0,0.000346957514613037,0,0,0,0,0,-0.000157380466628855,0.0045585597184464,0,-0.000339340927336967,0.00200554737606689,0,0.00133832560777317,0,0,0,0,0,0,0.000560977796243196,0.000601968969220705,0,0,0,0,0,0.00162728957224019,0,0,0,0,0,0,0,0,-9.3656187235666e-06,0.00022732976648519,3,45,6.7,0,0.128886968172656,0.398782524643661,0.89755031281021,0.0637223757968289,0.482505949552446,0.913739417250253,0.063308119208202,0.510664969116605,0.920653683991415,0.0425360884267478,0.52013125381958,0.912098738074489,0.002
"179","Streptococcus (RSV62)",0,2.65651526802372e-05,0,0.00140269362834355,0.000493841871015757,-0.000124526508938074,-0.000203371079208304,0,0,-0.000165305435140757,0,0,0.0019585051633607,0,0,-0.00066391111571325,0,0.000511640015375417,0,-0.000538040037611673,-0.000929594394134965,-0.00219203092403328,-0.000224059975081479,0,0,0.00290910857161042,0,0,0,0,0,-0.000192628320520758,0,0,-0.00093096386379379,0,-2.75967358522765e-05,0,-0.00019013010611586,0,0.000708006154051714,0,0,0,0.000667697840202039,0,0,0,0,0,0,0.00120687440119952,0,-0.000107617682583373,-7.29475391564533e-05,0.00318869924001291,0,0,0,9.32995273758413e-05,0.000814004823363221,0,-3.64165070494055e-05,0,0,0,0,0,0,0,0.00137861495807986,-2.21709222181862e-05,0,-0.000639262345044502,0,0,0,0.00095035385123597,0,0,0,-0.000174432286452439,0,0,0,0,-0.00164592977852538,0,0,0,0,-0.00153185935482887,0,0,0,0,0,0.000154981360640929,0,0,-2.26208818554517e-05,0.000314307839662102,3,45,6.7,0.6,-0.141988953116921,0.352157112461706,0.887252984643779,-0.0920540308272327,0.518266064876328,0.936575092785551,-0.0606027232168666,0.508786947490019,0.941518425292576,-0.042630929203619,0.502770042348675,0.927215717085805,0.585
"108","Peptoniphilus (RSV3162)",7.31101394343227e-05,0.000617736237348621,0,0,0,0.000891008590661758,-0.000704040252387277,0.000441365054184731,-0.000311887499807162,0,0,0.000653558991388935,0,-0.000561941050932968,9.81707496489784e-06,0,0,4.99052957178749e-05,0,-0.000768743642733392,0.000381572418894674,0,7.35895358761998e-06,-0.000177035904849415,9.81195287997059e-05,6.16697691528449e-05,0,0.000279815681635962,0,-0.00101480357950319,-0.00384821572902225,8.50265064201529e-05,0,0,-0.000194878214109602,6.85634026611885e-05,0.000128758155732545,9.90199481867648e-06,0,0,0.000984615244929317,0,0,0.00128599803660912,-0.000503027684063849,0,0,0,-0.000912605237494569,7.54670427747795e-05,0,0,-0.000364499290792748,0,0.00145310283877297,0,0,-0.00114678766437521,-0.000337505202931022,0,0,9.80190493175996e-05,-0.000383417571376068,-0.000876152764015478,0.00037231527564267,0,0,-0.000744773700948538,0,0.000616295181040948,0,0,8.86835040018951e-05,0,-0.000649394414152676,-0.000894933217500125,0,0,-9.3808722226593e-05,0,-0.00101386632829384,-0.000241693599094399,0,-9.15369540220598e-05,-0.000466325853670622,-0.000268219292688623,0,0.00110047992372506,0,0,-0.00526487503889538,0,0.000619489380954139,0.00146246053928739,0,2.35466493968499e-05,0,-0.000920501887837313,0.0019992139086224,0.000260874032680638,-3.55591206778362e-05,0.000525112117111924,3,45,6.7,0,0.0737367524770278,0.630247803393422,0.959370452745787,0.0464278563897526,0.551464448992539,0.932983851223082,0.0519398970117343,0.533557314879685,0.939425278198676,0.0330836243319149,0.541264821079632,0.92932973733079,0.006
"30","Bergeyella (RSV1952)",-0.00262803996177641,0,0,-0.00012256462150722,-0.000305173090427761,0,0,0,0.000729094970780142,-0.00121514262538959,0.000855663134623539,0,0.000422341510061637,0.000546223259522138,0,-0.000410406318932115,2.37801109557136e-05,-0.00406105111345192,0,0,-0.000119463920644959,0.000162340149780501,0,0.000719238234758097,-0.000552116994928509,0,-0.0029371462984126,0.00189076492688306,-0.00146583133342538,0,0,0,-0.00139024533703561,0,0.000833535977804741,0,0.000359590080743831,0.000443822477227036,0,0.00150762424247215,0.00269492856498449,0.000714346462505392,0.000281343169277153,-0.000823755766267914,0,0.00183165676247204,0,-0.000700789819599493,0.000111870479512882,0,-0.00106506163341992,0,-7.50901941924116e-06,0,-0.000949058758401576,0,0.000407331455097116,0,0.0020956666193745,-0.00132765899038853,-0.000661474136625216,-0.000781769066380205,0.000504014915216879,0,0,-0.000670253341513047,0,0,0,-0.00239095745372777,-0.0002252827491871,-0.00200876208849256,0,-0.000593493553905123,0.000297291642316752,0,0,0,-0.000839187167014864,0,-0.000240227872829289,0,-0.000933914011997637,0.00124096627865123,0,0.00187437615184941,-0.00218042864761522,0,-0.00417278559058877,0.00199650255267931,-1.75049918368444e-05,-0.00280191553691821,0,0,0.000914831962427319,0,0.000492651576195308,0,0,0.000461412505901684,-3.64454514830889e-05,0.000981941559684567,3,45,6.7,0,0.134523868671933,0.378299579176967,0.89755031281021,0.0643061122760328,0.585299815911278,0.947387509290748,0.0452186145051022,0.56511563711551,0.94257157500973,0.0301751738411971,0.563506802094895,0.934489642276331,0.018
"153","Staphylococcus (RSV648)",0.00148331826282546,0,-0.00187016706973686,0.000398696659638899,0,0,0,-0.000407945165832476,0,0,0.00307574156137748,0,0,-0.00130649510304656,2.47208625800661e-06,0,0,0,-0.000623839688037871,0,0,0.000278478297730345,0.00184501598392088,-0.000251777138042472,-9.62467085762644e-05,9.20788450210759e-06,-4.59919706435097e-05,0,-0.000879926325838611,-0.00105684332191895,-0.00101536424086795,-9.85561160776285e-05,0,0,0,0,0,0.00166300222790665,0.000320514709246947,0,0.000419643009032754,-0.00142045405381895,0,0,0,0,-0.000223076320986405,-0.00019047180248941,0.00108543275146484,0,2.39787208247056e-06,5.54261741996324e-05,-0.000286209079464184,0,0,0,0,-0.00105553687205927,0,0,0.000741218923630818,-0.00401943232146089,2.37244096538183e-05,0,0,0,0,0.000522981764741832,-0.00137993124201456,0,0.000617292182014575,0,0,0,0,0,0,-0.000624267138610102,-0.00105950023817485,0,0.002987809815446,0.000185147372786451,0,0,0.000291006214944293,0,0,-3.43686931440398e-05,-0.00021142559730205,0,0,0,-0.00154340221871234,-2.57360875860075e-05,0,0,0,0,0,0,-4.29805864646455e-05,0.000248566982192157,3,45,6.7,0,-0.033212008347091,0.828533214282055,0.959370452745787,-0.0335014196532713,0.557191458005556,0.942634029452333,-0.034985876242593,0.515291662656053,0.935429756136685,-0.022082094214852,0.51919136496153,0.926176055408427,0.021
"170","Streptococcus (RSV221)",-0.000619036139591594,0.00104182194796404,0.00107054345652251,0.000711807852387759,0.00236808326079036,0.000726863276820755,0.00140050983604395,0.0020821036382219,-0.00557184698264843,0.00236152503374262,0.0046919600914419,-0.00438684308293553,0.00315452793211892,-0.000113176346469023,-0.00111340328986734,-0.00113272042249231,0.00305569109463755,-0.00308567421861619,-0.00444173636442052,-0.00292784527584851,-0.00486185452565615,0.00138386430435409,-0.00186001460182012,-0.000787965245884014,-0.00126842460142145,-0.000158063809798957,0.00191112655399782,0.00237203749401622,-9.62163590874771e-05,-0.00157076673297124,0.000689240391771254,0.000613162988985009,0.000347683190934997,0.00385185851691705,-0.00638483785156826,-0.00507782219725562,-0.000244702686391578,0.00158696904975169,0.000459660790689965,-0.00111103763941,0.00475475660749145,-6.63434948152845e-06,0.00366514798046034,-0.00339688714790559,-0.000553454987837753,0.00392427173254461,-0.00137270626666565,0.000773890529369088,-7.94738006165361e-05,-0.000269036543221874,0.000719977488327617,-0.00301800842271061,-0.00106747461405681,0.00410779542492973,0.0031224665277991,-5.73075147839287e-05,-0.00149837685979664,0.00106165759885521,0.00870551738632691,-0.000569320458847084,5.76282995061767e-05,0.00778305707283262,0.00119539658619741,-0.000227680053207862,0.000420256938870042,0.000728316118598723,-0.00343194803153718,-0.00162574057079636,-0.00420355524374759,0.000123351249777025,-0.00274827825329857,0.000698477455063081,0.00337708130723229,0.00472358525375694,-0.00165773851957764,-0.00263408490879819,0.00139450525378369,0,-0.00325220192545671,0.00149365309510359,-0.000111284948850471,0.00742449168333978,0.000119133904765454,0.00117787866285134,0.00125104446858973,-0.00143227058147286,0.00168448145963705,-0.00127181903219008,-2.71033361349162e-05,0.00174969657852841,-0.00616208405977218,0.0012321410689655,-0.00278904730093645,-0.00065066603073565,0.00248616043609511,0.000238528572084685,0.000360252508863359,-0.0015037673792859,-0.00141383436142739,0.000754715041200597,-6.47456635037288e-05,0.00222415181627009,5,45,11.1,0.6,0.0778774707364663,0.611109453051644,0.959370452745787,0.0237365457347481,0.661809917283355,0.95559314534241,0.0369624212590938,0.525603655658031,0.938695815510508,0.0241843981021643,0.537695341314285,0.929109792134092,0.63
"100","Lawsonella (RSV492)",-0.00399006824464203,0.0072852580878966,-0.00138266490673729,-0.00169295954386557,-0.00137434349975962,0.00445789568151176,-0.0070362952397001,0.0017215839666687,0.00340690911657973,0.00801696511489839,0.0111567371187435,0.000285780898673918,-0.00334051113915117,0.00475344857443203,0.0004116716586682,-0.00077563290444003,0.000777211337749875,-0.00250839207176005,-0.0181105641422097,-0.0073012440031615,0.00482732858819598,-0.0017464376561864,0.00152016045722449,-0.00768784088150234,-2.21095319308736e-05,0.00633116566052332,-0.00674285750181665,0.000991206832494721,-0.00254662656464643,-0.00263668959819006,0.00436908616719607,-0.00690452713495291,0.000493642609418081,-0.0072591378774378,0.00614309137485892,-0.00551761247420931,-0.00304359306533759,-0.0039997573984421,-0.00051939694625566,0.00097484861173793,-0.00242559969183755,0.00138124418011174,-0.00380225259930643,0.000195312990725064,0.00694594876601163,0.00605000030500266,-0.00330052292859574,0.000931071131996686,-0.000986567214609251,0.00503692047179212,0.00126185743047167,0.00232802061376918,0.00475008323027296,0.00232389968824592,-0.00121678599668638,0.00335885997879207,0.00537919557563512,-0.000223128788471709,-0.00550987839552082,-0.000631311082744043,0.00319199584375204,0.00119409645763612,-0.00895059211647922,-0.00520847058747033,0.000395252755292588,0.00642785463616299,-0.00611619374131443,-0.00704432082653998,-0.00291422262812543,-0.000958394580515665,-0.0116281509052711,-0.000530572396900791,0.00218669547460929,-0.0141009505975641,-0.00666275447844741,0.00664882918788713,-0.00155796859959313,-0.00732950883084916,0.013890778123624,-0.00727914073018698,-0.000977715870651722,0.00130217575078842,-0.00303268006150575,-0.0106550741066606,-0.00160707449069334,0.00343550342404752,0.0183973147481791,-0.00738446351659378,0.00499400856437916,-0.000433972655392689,0.00338595533899186,0.00331178934403323,0.0120363066925617,0.00535080932076078,0.00111293721136419,0.0102442730838416,0.00152890745057552,0.00801815604072422,-0.00907968836180051,-0.000471524873551145,-7.7885477831788e-05,0.00425093301289266,10,45,22.2,0.1,0.178728779003255,0.240115563961103,0.887252984643779,0.117915333824483,0.480241647721143,0.918276660086199,0.137925781932694,0.413358446969002,0.909214801718849,0.0931494496836956,0.419637111838786,0.900337300684086,0.054
"84","Haemophilus (RSV6468)",-7.51924999062046e-05,0,0,-0.00143459835606233,0,0,0,-0.00150248680198663,0,0,-0.00371217316159625,-0.00115169709397131,0,0.000318158762494127,0,-5.47365418895341e-05,0.00169166418466526,0,0,-0.00170280355436876,-4.2241173540674e-05,0.000587572616780498,0.00199923949096803,-0.00379053088943513,0,-0.000350259558061823,0,0,0.000112257072608314,-0.00129503644569262,-0.00216401381642106,-0.00281388522006129,0.00027471460751098,0,0,-7.66924054819457e-05,0.00137290733326398,0,-0.00118147319977464,0,0,-0.00109074552677182,-0.000484530190562171,-0.00313817539396056,7.99960509411749e-05,0.00182732127704657,0,-0.000284524717304032,0.0020184515782379,-0.000172941340660949,0,0,-0.000818852074625406,0.00033836918950748,-0.000893381073685963,0.000176749572380946,-0.0037105075323838,0,4.09983642595222e-05,0,0.00110177623549827,0.000153906845524609,-5.65575440249557e-05,-8.31728179161916e-05,0,-0.00638474524944703,-0.00235308947378463,-9.60160130322236e-05,0,0.00089207990612239,0,0.00166940826503716,-5.14793440439973e-05,-0.00125210687837592,-7.50590993150979e-06,0.000954946318108443,0.000305282611130268,0,-0.00012813430965272,0.000117480442555789,0,0,0,-0.00306224471588346,0,-0.00117198227372141,0,-0.00192348156983972,-0.000114851589611381,0.00112242117097997,-0.00236121881981492,-0.00389998030456799,-0.00129454587980305,-0.00144801129252242,0,-0.000162231822275995,-6.86640575220195e-05,0.00170439597239911,-0.00121240686351953,0,-9.29845376870234e-05,0.000620172663173228,3,45,6.7,0,-0.0702327332477475,0.646633126331476,0.959370452745787,-0.00508726511144895,0.580126894192182,0.940686433201195,-0.0366947641214427,0.551407181787338,0.936503720635367,-0.0248798971325533,0.547937783612549,0.924299286546429,0.008
"29","Bacteroides (RSV9)",0,-0.00131544944843444,0,-0.00208203737820791,0,0.00326884697540313,0.000733899776505454,2.06409474351735e-05,0,0,2.61726383465544e-05,0,0.000347042863847404,0,0,-0.000775800476645116,0,0,0,-0.00137664474489595,0.000168056032765461,0,0,0,5.38205951904367e-07,0.000440655015134201,0.000159468636246339,0,0,-0.000851483598552671,0,0,-0.00125657161140161,-0.00163859393236918,0,-0.00277152909418243,-0.00350311207973361,0,0,-0.000463686273999786,0,3.47501612336733e-05,0.000267726801664308,0,0,0,0.00134230104896878,0,0,0.00194470032390404,0,0.000996444125169783,0,0,0,0,-0.00131040883536918,0,-9.38562529319474e-05,0.000287862680763965,-0.000822148047276626,0,0,0,0,0,-5.14920121320504e-05,-0.00362324825593443,0,0,0,-0.00119256797994858,0,-0.0023282338140087,0,0,-0.00088832776134574,0,0,0,0,0,0,0,0,0,0.0029882880285298,0,0,0,-0.00120149392099207,0,0,0,-0.000132745816614371,-0.00322885006687358,0,5.63401102448088e-05,0,-0.00132122422974231,-9.56341726592592e-05,0.00066015315658632,3,45,6.7,0,-0.0271180618613862,0.85964441447382,0.959370452745787,0.00305907909944674,0.519928650062575,0.921193822655497,-0.00896960246290167,0.513791107310613,0.929389007920762,-0.00420460777462464,0.501642572333266,0.92127460952248,0.012
"130","Roseomonas (RSV1660)",0,2.0764921056055e-05,4.91556302706922e-05,0.000356747014275775,0,0,-0.000189648976125455,0.00193563301399339,0,0.00118140082889099,0.00113032998261135,0,5.52287444737765e-06,0,0,0,-0.00101246513819625,-0.00189143058100709,-0.0027113712984116,-3.66542835915974e-05,0,-0.00239914077273848,0,6.38777792969876e-05,-0.00245851654737624,-0.00195240321698057,0,0,-0.00112669818951768,-0.000237701859914313,-0.0011550756727425,0,0,0.00523610703111083,0.00261741413466338,0.00167828283647547,0.000118394734659305,0.00303257060881069,-0.00327674280862821,0,0.000850193434115171,0,0,0,-0.00051392858215236,0.000399454218975651,-0.00044183854886087,-0.00593739852197816,0,0,-0.000742572608581196,-0.00021002125793187,0,0.00373097934235645,-0.00229721093683759,0.0017913790625342,0,0,-0.00156621636128064,0,-0.000881904697351568,0.00432127764147238,1.03653860040588e-05,0,0,-0.00373707456898167,0.00146726899740971,1.35547355437692e-05,-8.73493119020365e-05,-0.00162072584018492,0,0,-0.00129240463688873,0,0,-0.000212305096013945,-0.000273815728962468,0.000607962002315224,0,0,-0.00107714183880636,0,-0.000776242618414102,0,0.000965066127196555,0.00152385573174085,0,-0.000113857123847455,-0.00023370025891567,0.000510787365234382,0,0.000615530976513599,0.00611009948483649,0,0.000879440056353735,-0.00066396116765388,0,0,0.00304504606273721,-0.000952411986711612,-9.81520762214789e-05,0.00115158586503369,4,45,8.9,0,-0.0643231815413164,0.674641840479363,0.959370452745787,-0.0458744400907114,0.588278931353538,0.94564004089678,-0.00546432341020108,0.571003278754283,0.945039737496877,-0.000252908738323287,0.564023250993686,0.933193946979637,0.04
"177","Streptococcus (RSV45)",0,9.07875467874297e-06,0,0,-0.000174839005149225,0.00169588296951745,-0.000151320656242586,0,0,0,0,0,0,0,2.28674474697832e-05,-0.000226342654463595,0,0,3.07921827763374e-05,0,0.00039058323828637,0,0,-6.4040703451627e-05,-0.00182760418373671,-0.000787961440155321,0.000213031005324693,0,0.000123542343856059,0.000320592350055495,0.000246420103062088,0,0,0.000558767311938725,0,0,0,0,0,0,0.000174643584633153,0.000392297067995504,0,-0.000207984002566286,0,8.79244118103483e-05,0,-0.000300278083675741,0.000970272197142312,0,0,0,0,0,-0.000285826100157995,0,0,0,1.40432725054542e-05,0.000139545606252305,0,0.000458877266273111,-6.32455760196065e-05,0,0,0,-1.20935622048156e-05,0,0,0,-0.000230357035952046,6.73125204300717e-05,0,0,4.35015298325598e-05,-4.34198731292241e-05,0,0,-0.000714091084180431,-0.00155523888205551,0,0.000408157045371013,-0.000888076746804518,0,0.000290997343549345,0,0,0.00043355731289974,0.000544715308665546,-8.8232358991264e-05,-0.000642929904124032,-0.000770984261429774,0,0,0,0.000279015672319164,0,0.000587811461118499,0.000400440496732878,0,-0.000155711812646561,0.000543060481049892,3,45,6.7,0.3,0.0671857600048951,0.661017207872775,0.959370452745787,0.0776514339203705,0.53745005891048,0.93704918980559,0.0344804160326442,0.514806996197167,0.93573514132034,0.0242476252867451,0.50573295903752,0.927237049654936,0.32
"47","Corynebacterium_1 (RSV806)",0,0,-0.000115493399531509,0,0,-0.000157530575568602,0,-0.00110230889215588,0,0,0,0,0.000219832465484446,0,-0.00203416441894725,0,0.000684395848800046,0,0,-0.000848111367535333,0.000160572198195388,0,0,0,0.000187084978656095,0,0.000570358592808767,0,0,0,-0.000133873006974696,0,-0.00130946581136827,0,0.000302098176926269,0,0,-0.000334129100217948,0,-0.000172558886289889,0,0,0,0,0,0,0,0.000499837490467251,0,0,0,0,0,0,0,0,0,0,-0.00128064759199444,0,0,-7.39889325622324e-05,0,0,-0.000463594987318642,0,0,0,-0.000152392836425185,0,0.000174151337675208,0,-0.000333425375020314,0,0,-0.000182186098111681,-0.000291047678836377,-0.000469498726381173,-0.000957614705744625,0,0,0,0,0,-0.000204232704864707,0,0,0,-0.000456041447967835,0,0,0,0,0,0,0.00012146485948355,-0.000130416640904981,0,0,-0.000155779619485506,-0.000169462941442948,0.000498402884560835,3,45,6.7,0,-0.0310791270770943,0.839395179014193,0.959370452745787,-0.04200196264416,0.583744147370484,0.936649638840733,-0.0379290753062262,0.526306326856301,0.933086006477123,-0.0256702369398136,0.533253336448537,0.926881089628869,0.036
"157","Staphylococcus (RSV816)",-0.00772466477485827,-0.0108209457722256,0.00282825808437344,0.0076878111687835,0.0425166575510515,-0.0046171972367045,0.00602294992827923,-0.00269480458133404,0.00424679844505534,0.00510250290707971,0.00915560788888146,0.000541067636208621,-0.0016468578798151,-0.00448016443702049,-0.0132903001484008,-0.0121015775695442,-0.011685620550351,-0.0176217043937717,-0.00308612402291603,-0.00217763849655129,-0.000922006697842251,0.0282169230645202,0.000694391458518281,-0.00583815763757437,-0.00161365982204011,0.000331901307783514,0.00742741646588978,-0.00196690975748268,0.0052448720457151,-0.00197794302763559,-0.00726183465923695,-0.00202596373958468,0.0016760444187836,0.00566985233785372,-0.01455847189088,-0.0155676554618731,0.0140345689793747,-0.000637379292489875,0.0428547730589071,-0.00443546295465495,-0.00375921228659735,0.0352758356046185,-0.00184815167551117,-0.00391740460545725,0.0163027490233353,0.00156957546077143,0.00113035555505773,0.0121202560698628,-0.000859751121254861,-0.0129725898014037,0.00788685194852356,0.0124531854241399,0.0186337537259168,-0.00505597451439674,-0.0101928116185813,0.00394936663068419,0.00381829011390326,0.00506782259302146,0.00448086494638277,-0.00864208937825772,0.016294503368283,-0.00573385060891078,0.0140860919031943,-0.00566207999103795,0.0189989968431189,-0.00512213723081985,0.0185066957796901,0.0149050146518127,-0.0191627932548653,0.0093672222060002,0.00547285974055243,-0.00882376724135226,0.0066338837333943,0.0134589181659118,0.00143646626504603,0.0196878683584906,-0.00310327626732814,0.0199267481559042,0.0107419357289372,-0.0180510945460953,-0.0094617647390949,-0.0108462641840023,0.0328456515193468,0.0131321643169755,0.00864896654871483,-0.0229204235946745,0.00164545233602141,0.00115570630332321,-0.00472716577718089,0.00561541741269037,0.00131959010864053,-0.00928528906649033,-0.00428013665842906,-0.00385313091322661,-0.00839456616982093,-0.0106831087703824,0.0162215394126426,-0.0039143095460449,-0.0155644463030861,-0.015360028775325,-0.000183883893630487,0.0146080979546316,13,45,28.9,0.3,-0.081495581054392,0.59459325860887,0.959370452745787,-0.107009065012147,0.517916008640679,0.93439191274169,-0.0862432475533169,0.551502938298586,0.944827361292811,-0.0585009525334053,0.547371192816419,0.932233268166209,0.37
"114","Pseudomonas (RSV1150)",8.16629639260397e-05,-0.00162870341194381,0,-0.00324755514401382,0.000827933475693153,0.000323980449736788,0,-0.00234757682487302,0,0,0,-0.000632454965892411,0,-0.00213609117335427,0,-0.00386360224433669,-8.51006221309157e-05,0,0,-2.21985289287768e-05,0,-0.00088554308340812,0,0,0,-0.00217885521024607,0,-0.0003411055957747,-0.00354148634674125,0,0,0,-0.00160339010997319,0,0,-0.00356518440801258,-0.00193569526031811,-0.00423611064689211,0,0,0,0.00142498135392667,-0.000201295187953292,-0.00303082946681762,0,-0.00207543951431424,-0.00221381697920089,0,0,3.96412966660356e-05,-0.00368230619575534,0,0,-0.00158820642999427,0,0,0,0,0,0.00110090448737977,0.00336439689812534,0,0,0,-0.00256444794769972,0,-0.00323141079367662,2.91977302791902e-05,-0.00270404180107432,-0.000562853043602477,-0.00120314515976102,0,-0.00117917738646401,0,-0.0015474102651651,0,0.00030940386618368,0.000138827038674269,0,-0.00153722630590846,-0.001821090670613,0,0,0,0,0,0,-0.000656901278924951,0,0,0,0,-0.000990104132683712,-0.00521345969761926,-0.000394331096552293,0,0.00062296632724474,0,0,0.000802240535896208,-0.000192887369611083,0.000846206549101307,3,45,6.7,0,0.00639977102638385,0.966719300225129,0.979995712162033,-0.0124822640358362,0.57630722497854,0.937482919926894,-0.0203717965268405,0.561968131035507,0.94681827112898,-0.0160597048835287,0.556495840204426,0.933426109483295,0.026
"25","Anaerococcus (RSV1564)",-0.000277759909492527,0,0,-0.000183519907914559,0,-0.000826662421218532,0.000211223545505895,-0.000656910523050254,0,0,0,0,0,0,-0.000613306673305441,0,0,0,0,0,0,-0.000289069228843768,6.66101095233509e-05,0,-0.000489460444853697,-0.000268385235790767,0,0,0,-0.00196760237823487,0,0,0.00174193477257787,0,0,3.35063234362833e-05,0,-0.000814887303566152,0,0,0,0,0,0.000372964086300979,0,-9.09255714373065e-05,-0.00035830347151965,-2.19306458691619e-05,0,-0.000237884149988724,-0.000195174779929222,-3.29358321181911e-05,0,5.36723785949569e-05,0,0.000140857258731671,-0.000158579508692494,-0.000125385564994701,6.25060936011496e-05,0,-0.000759386238573021,0,-0.000205558058782062,0,0,0,0,0,0,0,-0.000562583458797365,0,0.000675863154288921,-0.000383231602920077,-0.000148552301118873,0,0,-0.0010632260633421,0,-0.00111611639061492,1.91209992379194e-05,0,0.000950401221693039,0.00175358662305067,0.00111071652081827,0,0,-5.77067428104598e-05,-0.000816036357491042,-0.000635018503544974,0,0,0,0,0,0,0.000842075568147535,0,0,3.16498244649495e-05,-0.000203278724818913,0.000590407743824351,3,45,6.7,0,-0.0563690049927692,0.71303231223194,0.959370452745787,0.0625949086095177,0.524694408926673,0.933179992973108,0.057437162838877,0.558971296038882,0.943241521940383,0.0395327971591588,0.559508915258911,0.935182698312679,0.009
"186","Veillonella (RSV117)",0.000536463165399654,0,-0.0019383836631755,-0.000520099779744757,0.00118914036586726,0,0,0.000854029142372237,-0.000540834893771065,0.000143165438325709,7.77309010533185e-05,-0.000737970084041325,0,-0.000998422421752391,0.000847533175147451,0.00136458569982442,0.000460181729622259,-0.00579221314642079,-0.000157514481264548,0,0,-0.000744528656057244,-0.00444440791990225,0.00194809314042413,-0.000566334608419231,0,0.00134550087513429,0,-0.000616025514299733,-0.000893976966430381,-0.00340850583145861,7.77600477572034e-05,3.75432134994824e-05,0.00418887137286154,-0.000549361296661596,0,0.000801617503746741,-0.00162720988031644,0.000614099841076299,6.5169452682505e-06,0.00112059789960706,0,0.000459242424364567,-8.09841473729716e-05,0.00103270554160549,7.64200585125295e-05,0,0.000454504731675134,-0.00146997398419224,0,0.00209427274790537,0,0.000953030175639273,0.00120821754646548,-0.00379296802258424,-0.000697746152140248,0,0,0.000799435667632682,-0.00198603213866833,-0.00110300606297293,0.000627943656021559,0,-0.00101316718527124,-1.62845501433821e-06,0.00185832386785745,0,0,-0.000374413155188779,-0.000176495640610987,-0.000953826177311278,-0.00254175546468384,-0.00116145968993585,0,-0.00152042314682621,-0.00189432552349226,-0.00244741262073071,-0.00170095120766782,-0.00099685189601663,0,-2.00857143791287e-05,-0.000771256304449414,0,-0.00133176914288191,2.30353639856535e-05,0.00180640883886945,-0.000760068458578968,0.000145949164909433,1.57567401097955e-05,0,0.000701913682949538,-0.000875586620017633,0.000260868186737258,-0.00332116788110779,0,0.000348615214310385,-5.38170827667316e-05,-0.00234760332720664,0.00106171067543099,0.001636132119757,-0.000230449566262926,0.0011905373235208,4,45,8.9,0,-0.0226865992988045,0.882403755843108,0.959370452745787,-0.0225595426466334,0.632046316930791,0.952001264555901,-0.0282656231864904,0.551752934054884,0.943930039759477,-0.0174032825558712,0.559511476853217,0.934012826414751,0.04
"115","Pseudomonas (RSV1210)",0,-0.00803925654365029,-0.0131509021738922,-0.00192443800428966,0.0139083178681228,-0.0130288176991697,-0.0104712036030669,-0.00917089997425104,-0.00188131852879371,0,1.09314267040015e-18,-0.0029982793569659,-8.8477444460721e-05,0.00199820099944725,-0.00245953389347715,-0.00798421417885624,-0.00691325155863809,-0.0015693412162338,-0.000740111887626997,-0.00109390050161949,0,-0.00957694503015312,-0.00174658083030809,0.000764727500149315,-0.00345757250292406,0.00323833359155914,-0.0114364323821324,-0.0117832869871292,-0.00392871450767453,-0.000838247010696626,0.000417358559488058,-0.00217330513022564,0,-0.00435995578929957,0.000332035278932598,-0.012824048816526,-0.00453578249028878,5.66788570375841e-05,-0.00395571656546887,0.00445741247887777,-0.0124207152441469,-0.0025024924122453,-0.00466041592168194,-0.00922298422162619,0.00261286691188276,0.000748620115312295,-0.0019890243210343,0.00081590628609582,-1.18991600696425e-05,-0.00553958594133846,-0.00167477531901278,-0.00107653524283624,-0.000524940977204442,-0.00533438399033557,0,-0.00744486724117829,0.00469405516428655,-0.00200625886304223,0,0.00219797891595058,-0.0142371838593068,0,-0.0153468794003853,0.00128038254061903,-0.00704533020987743,0,-0.00980136869204582,-0.0117979532958532,-0.00780370613317819,-0.0023918600261974,-0.00301675097889283,0,-0.0140793960202413,0.00301123983620321,-0.00469646903863645,0,-0.00279421615546038,-0.00687441324517905,0,-4.23590259498695e-05,-0.00389144081314179,-0.00154263865704342,-0.000647666064879518,-0.00308990487322496,0.00379819168129528,-0.00646099147075807,0,-0.00677700986028884,-0.00540470330548916,9.54998437368645e-05,-0.00518547018629098,-0.00106252391291235,-0.00512747782585137,-0.00557850899929988,-0.00246450921298241,-0.016152074573367,-0.00152628354913813,-0.0192724738760803,0,-0.00199967670181704,-0.000231337054335885,0.00445162602799789,5,45,11.1,0,0.0295813648533864,0.847040521238908,0.959370452745787,0.0325414090405776,0.64066558685365,0.950143378023026,0.0210152031077327,0.594776870211395,0.950096872758595,0.0190946097434081,0.580692856280115,0.938645532017308,0.042
"123","Pseudomonas (RSV637)",0.000356680842532269,0.000353122349917719,0,0,0,-0.00495636491902986,-0.00214642915651531,0,0.000824136230180495,0,0,-0.000782978935061196,-0.00493399103166299,0.00216025462181203,-0.000240052025823846,-0.00386222632038006,0,-0.00273597852457601,0,-0.00119173369756973,-0.00152773893085292,0,-0.005372433029288,0,0,0,-0.00346884837576191,0.00142653684056373,0,0,0,-0.00142889286715947,0,-0.00305474443980374,-0.000537133773413097,0,-0.000793950142072318,-0.000951337052598011,0,0,0.000532397391878908,0,-0.00143796474773324,-0.00147545806333746,0,0.000120276810163588,0,-0.00143684396053429,0,0,0,0,0.000211466546025865,-0.00342883268065386,0.000790417512065492,0,-0.000406312302424366,0,-0.000848578057625754,0.00017402857674539,0.000432882211726747,-0.00427509719965828,0.00122768404032809,0,0,-0.00149346906827297,-0.0014585653667589,-0.00231003581024918,-0.00260555403211403,-0.000784097460596823,0.000333826060752868,0,-0.00236287474622917,-0.00350054734198567,-0.00260757422232328,-0.0017789595228747,0,0,-0.00418741622657076,0,-0.00339900709567548,0,0,-0.00448607338314871,0,0,-0.00309576368341952,0.00059066806780685,0.000166523533280198,-0.00057388032737778,-0.00268539719998463,-0.00157517285638961,0,-0.00409987258207488,0,-0.00207804787425173,0,0.00166850344977054,0.000537977139893204,-0.000397549679867795,-0.000268378754908073,0.000683739950162012,3,45,6.7,0.1,-0.0962843544741354,0.52922861827164,0.959370452745787,-0.0262778080711296,0.602218533287182,0.948591815963778,-0.0288894702073235,0.573075653780907,0.946267703819444,-0.0212601408153013,0.572753917155925,0.93727740754036,0.2
"178","Streptococcus (RSV545)",-0.00441330977547942,0,0.00221122268660469,-0.00024354183013448,0,-0.00313446629973307,0,-0.000727946762884529,-8.57457010040617e-05,-0.00155597376114097,-0.000883448974008841,0,0,0,0,0,0.00112691703665642,0.000129853617716037,-0.000119810785530341,-0.00216994317699296,0,0,-0.0010362493406447,0,-0.00028956913903228,0,-0.000156489604963326,0,-3.34303125432198e-05,0,0.000115195072278255,4.72675529378269e-05,0,0,0.000905365163261969,0.000932785103934011,-0.000150643834970568,0,0.000271557916686419,0,0,0,-0.000358781873073792,-0.00380166721778726,-0.00052880447703028,0.000866544037100258,0,0.00138277981565891,0.000896847588251803,-0.00105039806904549,-0.0037415872293307,0,0.00249191145535395,0,-0.00279355898430519,-0.00120821446303833,-0.000601136412403408,0.00046871337045857,-0.000487661568988778,-9.5246181220018e-05,0.000786107174315092,0,-0.000591839524637805,0,0,0.000194303939111069,0.000139306177589376,-0.000291598205695785,0,-0.000272589497291124,0,0,8.58064789465232e-05,-0.00426227397729485,0.0028680478500206,-0.000646157292772695,0.00219326898041416,-0.000733494765153129,0.00046313520902522,0.00122761747881515,0.000215290303551038,0,-0.000231412927401479,0.00211751553397949,0,-0.00022289759505372,-0.00157932368524113,0.000513884970762717,0.00123291037105844,0,-0.000481289169286033,0,0,0,-0.00201077048835734,-0.000323479750771462,0.000745043524400455,0.00114124144339918,0.00240693462532769,0,-0.000288291164115897,0.00124429790482558,4,45,8.9,0,-0.0891449901858908,0.560340223674656,0.959370452745787,0.014504275064592,0.575236422245014,0.944891760590968,-0.0191446914957629,0.580391823068306,0.942813117711817,-0.0118709039050493,0.576351829041154,0.935201144976096,0.007
"52","Delftia (RSV157)",-0.000734775701233338,-0.00372793659095817,-0.00045045719578083,0.000634629626693429,6.67499417562829e-05,0.00537930714989041,-0.0030570262481002,0.0018066365570401,0,-0.00165754656686188,0.000392830301030752,0.00536227170779822,-0.00834757680474608,0,-0.00018857425205546,-0.000403203824102433,0.00606793468142771,0,0,0.00287736950286082,0.00193168753493576,0.00225528675523198,-0.00292776682518866,-0.00584622487110124,0,-0.000318670907644585,-0.00194451566141959,-0.00407577952736088,0.00873707676216479,0.000408830437592359,0.0130318680082542,0,0,0,-0.00594662691159346,-0.0041844750447006,0.00185595798904335,-0.0022118475784572,-0.000291532456063797,0,0.00238486197828181,0,5.25585029892417e-05,0.00533137581800212,-0.000230731950766401,-0.00264774008706776,-0.00166802258900952,0.000999655601037773,0,0.00262634980492644,-0.00159108437039242,-0.000126578692431923,-0.00827014689139766,0,-0.000115675408945534,-0.00160925520214238,0.0123772792914855,-0.0043856656007158,-0.000241166589916418,0.00117667652265844,0.00515732785661966,0.000260208382730234,0.00131002524619751,2.34156255861616e-05,-0.00392149019839656,-0.00601749664595109,0.00826158861498165,-0.000349595018766848,-0.000962090393061995,-0.000317829335303021,-0.00146937266875728,0.00622461305956076,-0.00253327490646381,0.0011606680254694,0,-0.00383366013226227,-0.000139008505260265,0,0.00149746031826424,-0.000119905534531816,0.00545178632211186,0.000147204042800054,0.000347252585421617,0,-0.000824106932730088,0.00379150316955567,-0.000327896168791528,0.00461942880996524,0.00163191942415652,-0.0033749304515832,-0.000361802021899862,0.000211550578819149,0.00245149285808394,-0.00127227302892815,0.00311174318411745,0.00648473480389944,0.0045513029251802,0.00094053647973952,-0.00190737853322913,0.000540431395522969,-0.000294463337666634,0.00218546356861343,5,45,11.1,0.1,-0.23145908744466,0.126056116838884,0.887252984643779,-0.101622679731346,0.451084804484425,0.921959356953537,-0.156692665084157,0.352492878173045,0.903240217865284,-0.103771616693274,0.360397971670321,0.892642806976415,0.101
"87","Klebsiella (RSV19)",-0.000951536583990394,0,0.000456629428702758,0,0,0,-0.00158027966299635,0,0,0,0,0,0,0,0,0.00118429862134728,0,-0.000126022762206574,0,0,0.000380221664802411,0,0.000651808398241419,0,-0.00295198218351104,0,0,0,-0.000195414643259799,0,0,-0.000131705645758557,0,0,0,-0.0070951430820991,-0.00121181750619556,0,0,-0.00123141241629084,0.00019908813860471,-0.00101690371551695,0,0.00125000023218035,0,0,0,-0.00161600772632657,0,0,0,0,0.000311957247761963,-0.000949179872056506,0,-0.0002889161883407,0,0,0,-0.00145829423083582,5.55012940962934e-06,0,0,0,0,0,-0.00164456759630796,0,5.01020608843798e-05,0,-0.000424978290155249,0,0,0.000530646154626625,0,0,0.000389310389085021,-0.000309935960983528,0,5.496851868473e-06,0,0,-9.96790012724401e-05,0,0,-0.000564681838525897,0,0,0,-0.000891731397778878,0,-0.00410447035471691,0,0,0.000373747507913878,0,-0.000539570995115379,0,0,0,-0.000307708793431711,0.00077454250279843,3,45,6.7,0,-0.0345831463063746,0.821567053551781,0.959370452745787,-0.0222120760787746,0.562572861192393,0.938268983658235,-0.0254336047800354,0.562949176021486,0.946421064217917,-0.0180197476055342,0.558856077655196,0.935632199406409,0.009
"8","Acinetobacter (RSV2145)",0.000433112400047254,0,0,0,0,0,-0.0013935980902948,0,0,6.11448323418183e-05,0,0,0,-0.000320927566325048,-0.00052012236660976,0,0,-0.00224729264585881,0,0,-0.000697670575445085,0,-0.0036058142980485,0,0,0,0,0,0,-0.000493753119472665,-0.00098530303551692,-0.000610636812202287,2.93302289524866e-05,0,-0.0021001290870933,0,-0.0012321449184843,-0.00305282910067396,0,0,-0.000570575856494855,0,0,-0.00201579273912623,0,0,0,0,0.000131849580354435,0,0,0,0,0,0,-0.00143151958384347,-0.0062876933377561,0,0,-0.000827100496182872,-0.00634340480826521,0,0,0,0.000825225275613782,0,0.000585204576398244,0,0,-6.10877711682889e-06,0,0.00100721828935526,-0.000108909247005102,-0.0035438854653278,0.000117890692672796,0,-0.00330942456622199,0.000532956712922785,-6.9165568479048e-05,0,0,-0.000230143393256276,0,0,-0.00144956002484636,0,0,0,0,-0.000158706942390103,0,-0.00311027008260956,0,0,-0.00175598820102761,-0.0025405852826861,0,0.00202229334622375,0,0,-0.000315360410705555,0.000708166303677647,4,45,8.9,0.1,-0.0904794960269969,0.554460405540672,0.959370452745787,-0.106774357377896,0.467948285762117,0.919805641987399,-0.0705770693964894,0.534508071606955,0.934284677871363,-0.0487639661079587,0.525092229675661,0.924275245001943,0.129
"9","Acinetobacter (RSV263)",0,-0.019021456850953,0.00316288372916956,0.00200158684254059,-8.97924913196988e-05,-0.0039100014498371,-0.00719315732524722,0,-0.0010252141318947,-0.00638501641594023,0,3.19756343972659e-05,-0.00140605110501349,0.00303594230847599,0.00500850836444337,-0.00209343073741637,0,0.00318916311347112,-0.000668776195716942,-0.00685013765001043,-0.00331060028745753,-0.00793521125004366,-0.00135716962732963,-0.00394269220453031,-0.00019166322553534,-0.00265405158003437,-0.00289471626010352,0.00189641936852564,-0.00106698806148387,0.000787546431531531,-0.00515991179255508,0.00726704308301166,-0.00148203016199761,-0.00111966014707497,0.000499382948203342,-0.0112015991997924,-0.00316521351020305,-0.0033804019820928,-0.00159278696539887,0.00148482041350247,-0.0053051409290776,0.000927547392110142,-0.00457434311691202,-0.00281342525857631,0.000936844202429081,-0.00697674822652329,-0.00851747684934892,-0.00292220071613178,0.00219668386563681,-0.0012603886507588,-0.0032913645205349,0.000428830035823965,-0.0053280202249513,0.00260836310673088,0,-0.00929958439614521,0.00499233361619272,0.00334899510223542,0.00214335453777199,0,1.49372137075312e-05,-0.000533321756939773,-0.00130294847365042,-0.000524121782200654,-0.00332446362664535,0,-0.015697488198148,-0.00390921069103696,0.00542118759164565,0.000159247978741465,0,-0.00114786529156178,-0.00192716312932706,-0.00207726779207681,-0.00584051202281504,-0.00091935582002705,-0.00247010294658395,0,0,0.0080284433045837,-0.00479407323649091,-0.00153848554671893,0,-0.00450348069970084,-0.00257878640321289,-0.00243640508049063,-0.00358113913323353,-0.0105934525394567,0.00149322607943492,0,-0.00507163422219767,-0.00719858565480499,0,-0.00973048408848534,-0.00082695216279891,-0.0021398433301231,0.00272718067590105,-0.00950179931215704,0,0.00326514331784821,-0.000358888784387676,0.00357938073703797,5,45,11.1,0.1,0.115306952795853,0.450694807681376,0.912020214324925,0.0545027743918462,0.588341913569214,0.944167098750705,0.0343301162553477,0.565859080479269,0.943728957568329,0.0226037184876438,0.547796955854186,0.930217050963779,0.1
"32","Bifidobacterium (RSV5)",-0.00331647203425773,0.00378550131086054,0.000467811428694292,-0.00145759940696994,-0.000199488314649075,-0.000171851937525136,0.000131670955693752,-0.00479108543457944,-0.00525471616190042,0.00211237674052613,0.000548193674199981,0.000861283533776609,0.00177855620925818,-0.000121041045637752,-0.00460687594637469,-0.00105269404848929,0.00780716972022389,-0.00372469745594625,-0.00681548904334599,0.00193490445163377,0.000183111126157422,0.00345366705897418,-0.00393306516215978,0,-0.00198374951075375,-0.0013445349724243,-0.000305879408982738,0.000316450407206897,0.00844224232395183,-0.00361088775379675,0.000432713227062559,0.000948960801252965,0.000626468768376951,-0.000411933358778179,0.00141830716127375,-0.00583888083932183,0,0.000504116628169097,0.00187907390837129,0.00026627707691844,-7.32854199127547e-05,-0.00133326453187261,0.00567013514806414,-0.00175080540733858,-0.00210731601585946,0.00349389870478911,-0.00186795585000921,0,-0.00159492291818609,-0.00102821360607311,-0.000665058225046358,-0.00186444202576645,-0.00171065156001246,-0.00651167522032966,-0.00487797174282474,-0.0035706800775764,0.00389391584710839,0.000880818055321287,-0.0016673307711211,0.0010120045717022,-0.00245419607901356,0,-0.0021554529219166,-0.00584790303253815,0.00104571510361977,-0.00179305439276158,-0.0072211457686205,0.00122890360497836,-0.00180516452203301,0.000788775451190579,0.00198805456311742,0.00102276860628889,0.00347958628157491,-0.000489536211856381,-0.00436736101007729,0.00148256496185764,0.000452002717856739,0.0014160055452912,0.000994180522103267,0.00128958761266012,-0.00290585496063556,0.00115190579451308,0.00196327578733323,-0.00130805655040012,0.00079626568922685,-0.000979086032294141,-0.00352577408608464,0.000591083869891777,0.00069894413311651,0.00622743240930249,-0.00132487537096709,-0.00350389693610902,-0.00310731227196598,-0.00148569379158232,-0.000770076674189902,-8.76017807039698e-06,0.00665481607173812,-0.00890175873668382,0.000814458123000108,-0.000859976925291214,-0.000376013561591794,0.00270685778356384,5,45,11.1,0,-0.043712811579673,0.77555292120059,0.959370452745787,-0.0241695612426706,0.568168455087148,0.943358597422483,-0.0462037986617643,0.548131460728141,0.937012432827822,-0.0302700146180684,0.548035994230276,0.927102613825067,0.004
"162","Stenotrophomonas (RSV538)",-0.000477305386805405,0,0,0.00076128414271415,-0.000419771507359946,-0.00110420085529618,7.63511157095834e-05,-0.00641371914804116,0,1.78382680991602e-05,0,0,0,0,0,-0.00315309452042179,0,0.0010270295507994,0,0,-0.00429329925286191,0,0,0,0,0,0,0.00117273156809879,-0.0111307895221764,0,0.00149661304040889,0,0,-0.00190286943497395,0,0,0.00180819424725335,-0.00134776904407933,0,0,-0.000333099807810834,-0.00426414448379661,0,0,0.000298859599893744,-0.000469087196040611,0,0.00047518101135221,0,0,0,0,0.00122871519267789,0,0,0,0,0.00072500449956964,0,0,0.00148969365863887,0,-0.0011325892331992,8.34381680016048e-05,0,0.000122743180218457,0.000293539296999567,0,0,0,7.84945774382534e-05,0,0,0,0,0,-0.00401141617036363,0,0,-0.00498795486283755,0,0,-0.000178723551532009,-0.00102766934224438,0,-3.99984708383424e-05,0,0,0,-0.00260118878811074,0,0,-4.36602132349933e-05,-0.00131652719100067,0,0,-0.00392425609520423,0,0,0,-0.000384610864515767,0.00123444447053118,3,45,6.7,0,0.0647481814106132,0.672612378352227,0.959370452745787,-0.0181422884957743,0.548996101157791,0.943682287127666,0.0201061982902482,0.531502666529097,0.945419338001471,0.015237751483978,0.520667740673716,0.930286158703758,0.058
"62","Enterobacter (RSV524)",0.00240693943846477,0.00143412285657901,-0.00167557310140354,0.00023278851588175,0.00232777950201861,0.00153322010824603,-0.00350751256469893,-0.00274215612617799,0,0,-0.00670173246720171,0.00193991508990906,-0.00303312056750322,0.00486579760493829,0,0,-0.000234682748473762,-0.00142239531322151,0,0.00208203523345538,-0.00444457679334178,-0.00492889913102554,-0.00443004286847074,-0.00245424613428884,0.000687424501587328,-0.00120520375948654,0,-0.00483751462410528,-0.00149570870974941,0,-0.00494275479720117,0.00243105986621317,0.00140302075227003,-0.00419491866516505,0,-0.00225998003738756,-0.00361328224970002,0.00387100162140281,0,0,-0.00211360174812027,-0.000861180706895537,-0.00660091967263572,-0.00261366431876531,0,-0.00419702455758906,-0.00992628241187176,0,0.00452612010201032,-0.00485020775047567,0,-0.0025685458820219,-0.000254469952640288,0.000215349377120915,0,-0.00013525990334921,0,-0.00262297225448724,0,-0.000693410602717534,-0.00902007400418737,-0.00123116961343206,-0.00443856616109319,0.00207688014092656,0,0,-0.00400755192737356,-0.000913255079625393,0.00173388925278197,-0.00162309367858135,0,0.00108397048048046,-0.00328191800401478,-0.00261021359302564,-0.000419896347424352,0,-0.00542615793249763,0,-0.0021682987367682,-0.00130688040530416,0,0.00233068629233434,0,0,0.000834615319715976,-0.00434858389367589,0,-0.00932189284227377,0.000462180233928237,-0.00373664040605682,0,-0.00557290994861789,-0.00706424088636087,-0.00233313227378129,-0.00103611420835006,0,0.000416549313069851,0.00203827714625263,0,0,-0.000386719442106633,0.00164623261853183,4,45,8.9,0,0.102490048596952,0.502893061476853,0.959370452745787,0.0570764275826814,0.591340583902629,0.939827557286229,0.0476965019294342,0.5712984166152,0.944033300042279,0.0333049194779478,0.554174025850451,0.931074711349794,0.024
"159","Stenotrophomonas (RSV1242)",0,0,0,0.00124247944609414,0,0,1.19757056287589e-06,0,0,-0.0047426626830004,0,0,-0.00176173866278185,0,0,0,0,0.00156407792151622,0,0,0,0.000811043136380716,0,0,0,0,0,0,0,0,0,0,0,0,0,-0.00246094474280214,0.00253932296282549,0,0.00031781005194718,0,0,0,0.000761646251593331,0,0,0.00427003109204536,0,0.00107147221883455,0,0,0,-0.00272277295579775,0,0.000807934362314088,0,0.00230867837093356,0,0,0,0,-0.00125888938066664,0,0.000871754854288254,0,-0.000544900360801462,-0.00182926397862698,-0.00081292463748613,0,0,0,-0.00147466357258012,0,-0.00384238033206918,-0.00379306268436405,0,-0.00130917228782713,0,0,-0.0012845925573523,-0.00277588670848208,0.000394440851082205,0,-0.00132194024535677,0.000318108802584289,0,0,0.00266373095752877,0,0,0,0,0,0,0,0,0,0,-0.00171944628659026,-0.00196853131462847,0,-0.000403172487614197,0.00119746116629426,3,45,6.7,0,-0.188759992394705,0.214307503926158,0.887252984643779,-0.1213383587478,0.458752157059038,0.915454492894652,-0.104307015993181,0.458690821302058,0.926977055508197,-0.072790296248671,0.451611633452695,0.914514634830711,0.042
"19","Acinetobacter (RSV8807)",-0.000185788889241886,-0.0017332175056567,-0.00224905515030686,0,0,0,0.000426851379043526,0.000518295792687028,0,-0.00324323340403873,-0.00144932505554663,0,-0.00108463645875603,0,-0.0012187527557454,0,-0.000447540158824281,-0.00318805939459667,0,0,-0.000458265008103837,0.00166262345663699,0,-0.00167849736655488,0,0.00274540376189506,0,-0.00159646321597088,0.00045608070388177,0,-0.00275679841986697,-2.08803272188207e-05,0,0,0.00059712191264403,-0.000382674565663873,0,-0.000721892877754308,-0.00140156399868879,0,0,-0.00108786435518319,0,0,0,-0.00161314916771264,0,0.000967285809052083,0,0,0.000771324383675402,-0.000824196737931386,0.000168964883494639,0,0,-0.000532002986262406,0,0,0,-0.00185170582609179,-0.000554863675363608,-0.000482279069456695,0,0,0,0,0.00362084844689018,-0.000335748381901983,0,-3.73615839939965e-05,0,0,-0.00390729199549886,-0.000632719046244323,0,0.000624893630469935,-0.00048781274527998,0.00125820608668508,1.80457838514424e-05,-0.00184729899671761,-0.00226609826912067,-0.000175590391085498,-0.00020242660375389,-0.000353390089749378,0.00116508341545243,-0.00119797370486214,-0.00224799301270596,0,0,-0.00163911204256812,0.00189377582692462,0.000421844133710784,0,-2.54437667837846e-05,0,-0.000105869717730973,-0.00158791952950293,0.000399977053231935,0,0,-0.00040376296405296,0.00102564015283708,3,45,6.7,0,-0.161641930533319,0.288776538733,0.887252984643779,-0.12367989204583,0.423807637919328,0.889813410322336,-0.105104840153487,0.429780828075097,0.907693285474648,-0.0738967719788353,0.425155409017675,0.891706287958281,0.003
"110","Prevotella (RSV5051)",-0.00430454658377601,0,0.00258586951170383,0,0.000122785211787669,-0.00381974727582665,0.000519155878223399,0,-0.00141519780867862,0,-0.00253203307860192,0.00192404798410181,0.000530040706395313,0,0.00149673472317274,-0.00044251863048482,-0.000580146657556634,-0.000154667418562945,-0.000166840962582409,-0.00304395825545041,0.000358237121073279,-0.00210150584780241,1.04201493180274e-06,-0.00120097624309433,-0.00268088590752499,0.000691164197608182,-0.00351294367395602,-0.00039750155568273,-0.000854833698776432,-0.00152328643049983,-0.00330153220679131,-0.000378222886676252,-0.00195963316229822,0.00209088094663945,-0.00117761521054403,0,0,-0.00706660255601046,0,0.000721564081144159,-0.00197824460097568,0,-0.00582897353346578,-0.00311074202049893,-0.000524867697775676,0.00187926784854394,0,-0.000144754218526832,0.000238430123465306,0,5.08900213164921e-05,-0.00505001828117187,0.00078857114640437,-0.00161076128776988,0.00032116839907675,0,0.000734448575598958,-0.00123753899495161,-0.00538717910831923,0,-0.000797395879443772,0.000799758366750071,-9.79642299874406e-07,-0.000527475517135451,0,-0.00310893509707588,0.0014927952344083,-0.00208030791785938,0.000229583529698544,-0.0023670597111728,-0.000343834665629221,-0.00445238290210719,0.000340635318749822,0.002620425284241,0,0.00206179653842958,0.000130917978926849,0.000264518923367901,0.000882950598541972,0.000228607321572622,0.000295710296593581,-0.000487762360187725,0.000961682003574323,-0.000902256630488573,-0.000414510138559486,-0.000358454607653812,-3.09287047368579e-05,0,-0.000507894455664672,-0.00210441442024327,0.000726316963856267,-0.000544934858344568,0,0.000862836882469684,0.00121207644298895,-0.000628058647978365,-0.000549819826269021,0.00185152638777008,-5.61846164701706e-05,0.00147194028507161,-0.000413086065347799,0.00133363647096086,5,45,11.1,0,0.0726936811352573,0.635107510615414,0.959370452745787,0.0597481197104983,0.511213230299632,0.936987770035935,0.0480907814822049,0.51881971647863,0.94319547844445,0.0304122757833752,0.52657086335403,0.930522473520502,0.006
"13","Acinetobacter (RSV410)",-0.00380109852528885,0.00140765180602306,-0.00245574835637995,0.00550371200880638,0,-0.000602448267874529,-0.00262003702290425,0.00269259541476462,0.000230777780222171,0.000400575926912272,-0.00135865431677265,0.000457539758633882,0,0.00263351527418506,0,-0.000423074816126271,0.00342651167362264,-0.000141702897234959,0.00174746022966403,0,0.000412089483053756,-0.000940240752588977,-0.00141548111890358,0.00284371658447826,-0.00283966575061407,0.00189268753801851,0,0.00288766008366485,3.19506676027438e-05,0.000418387334202649,0,0.000405141546598925,0.00092808299606073,0.000514215105497103,-0.00083672049182647,0.00148366220161449,0.00267712288347213,0.000135318352766674,-0.000201728927372843,0,0,0.000150300606403647,0.000390748018043965,-0.00581647205354298,-0.00299173153356669,-0.000154299715352334,0.00239121775928693,0.00317293886053527,0.000494209672643146,-0.0030652665110717,-0.00136058516872525,-0.000429899162961796,-0.0015138901668149,-0.00407542367702844,0.00105687944862474,-0.00143855234168066,-0.000230931790546387,-0.00209910224155604,-3.77049469051189e-05,0.000411068681045044,-0.000926954334934014,-4.45670678510592e-05,0.00201879457655969,-0.000480894829890953,-0.000837894672318299,-0.0052860587518818,-0.000441657968399905,0.000878333326623204,-0.00119066638757685,0,-0.000411126069370533,-0.00215460472115233,0.00341754859738149,-0.00435914154308474,0,-5.33934374560102e-05,0,-0.00299924744784289,-0.00109650821559008,0.000991396679665482,0,0.000221278477678143,-0.000157124694023628,0,0.0010708289552547,0.00416324978122772,0.00608102026631248,-0.000740959339514083,-0.00120699754171291,0,-0.00336495379168822,-0.00110288629189235,-3.9865969581039e-05,0.000515835062867807,-0.00203042527811616,-0.00762258078805822,-0.0012821194860048,0.00128031426277413,0.00160231155208606,-3.58053824520338e-05,-0.000414418629713027,0.00130287661704715,5,45,11.1,0,-0.0814996786776973,0.594574665518805,0.959370452745787,-0.0471486539159201,0.618526926483978,0.949962475750513,-0.056493156703392,0.588257328038436,0.94626400159178,-0.0382840602636875,0.578733361797101,0.934734994222027,0.029
"57","Dolosigranulum (RSV671)",-0.00908709044906645,-0.000377638737373526,0.00447272865858199,-0.00144803205653434,0,-0.00187002650037656,-0.00211696019320809,-1.06190960539888e-06,-0.00378623212341644,0.00752221632915072,0.0016798314096183,0.000717119908397929,0,0.00134727602549725,0.000648517580761844,-0.00539765022408231,-0.00117641293894813,-0.000328213386543463,0.00201051075720196,0.000738372181227102,-0.00389036172873613,-3.93783797988097e-05,0.000236141746335203,-0.000372391275636635,-0.000421585024818183,0.000270554582440111,0.00108496093538141,0.000367122224588551,-0.00379766724330561,0.000122500072036884,-0.00278154808725787,-0.00182776591173438,0.00226814538698597,0,-0.00584845723987217,-0.00021051253288186,0.00184909480141731,0.000539889982438275,-0.00517056694893273,0.00123992176521056,4.5684210471586e-06,0.000314336545076599,0.00154738839752643,0.000190572505101154,0.00352671455861239,-0.00621493870297599,0.00940558863605608,0.00041862277276062,-0.00131443209404206,0.000865789171188149,-0.00129450148454862,-0.000371793380861863,-0.00159566582548002,0.00365897432739885,6.5240091570147e-05,0.00637214105940229,0.00225444083397682,-0.000723024639676555,-0.000210738625817243,-0.00857461853141815,0,0.000771962454169293,-0.00595253873553416,-0.00502325560625992,-0.0012038978635838,-0.00446220280504709,0.000338589431742439,0.00260838080771416,0.00299925034953801,-0.00298417249011433,-0.00087573978766531,0.001233004045036,0.0071060887158763,0.000623011407228574,-0.00115966894706559,-0.00444221279173402,0.000832377146434121,0.00170345370830113,0,-0.00444059819597299,0.00398703295427965,0.00189111792868393,-0.00106614599159746,0.000784443834914549,0.000879087360080135,-0.00282460287307204,0.00186914287288369,-0.00240939583086632,0,-0.00256879237259374,-0.00282118247854176,0,0.00534520188644877,-1.89948089652451e-05,0.00347507458031374,0.00214213899752479,0,-0.00248676476943535,-5.97944040681379e-05,-0.000430947602225709,-0.000427465228875649,0.00346103854582842,5,45,11.1,0,-0.0470887032360029,0.758719975444721,0.959370452745787,-0.036529434292024,0.635886879540318,0.948168682500702,0.000129710766707863,0.595385257622726,0.953268735249872,0.000252908738323286,0.591316308523128,0.941687495998316,0.008
"124","Pseudomonas (RSV900)",-0.00290926401734991,7.46070389888237e-05,-0.00351322936655559,0,0.000390008271079148,0.00552454096175707,-0.00127746800539072,-0.00282750081498718,0.000111106404239665,-0.00014560873206312,0.00138322258615983,0,-0.000332744090349885,0.0032584336633737,0,-0.00609281507215431,-0.00945890840618029,-0.00794483084540683,-0.00063580926768574,0,0,0.000524968036500215,-0.00464919426054391,-0.000226010145762493,-0.00156173074163503,-0.00314444056192933,0,-0.00387248795474991,0.000141033713802695,0,0,0.00150965259241304,-6.34753059220769e-05,-0.00638875803672642,-0.00161330553557541,0.00431931394022515,0.000852332460406709,-0.000397332361176071,-0.00547889202334233,0.00102111223279422,0,-0.00555108633124357,0.00035544630213848,-0.0110213256289341,0,-7.91557079268562e-06,-0.00443629267436696,0.000244207401214192,-0.00271179769023221,0.00281932328198975,-0.00207039661791558,-0.00334632399066337,0.000890039108673434,-0.0134686314916105,0,-0.00509250142685316,0,0.00381645110634379,0,0.00264288851356694,0.00403299790531212,0.00343875883291696,-0.00758090357513589,0.00172255530919162,-0.00192910547694275,-0.000216281905914646,-0.00343890433687587,0.00222430621417843,-0.00221041498624676,0.00166164621126925,8.99329980887659e-05,-0.00056822408027322,0.00107817630019226,2.36926532768738e-05,-0.0029673947188058,0.000540446947383957,-0.00273124472752201,-0.000132384193138218,0.0012639570494668,0.00079556899944467,-0.00781057542729915,-0.000772428363447736,-0.00329888653332004,-6.74988588717866e-05,-0.000520067094616617,-0.00440203184287293,0,-0.00104985915965039,-3.55341414041054e-05,-0.0115102717416929,-0.000354549749178992,0.0021627372213238,0.00126887961690504,0.00192601003587305,0.00148027294548233,-0.0043132870150486,0.000122704283189013,0.00125012964240036,0.00050061366023973,1.55304753991484e-05,-0.000471056655515308,0.00297022455537943,6,45,13.3,0,-0.00602111838297442,0.968687399685237,0.979995712162033,-0.0248311222260262,0.659957818368896,0.954873425957656,-0.0174677165833255,0.58996590159527,0.94903046948896,-0.0136254582771671,0.573303396917615,0.934552692746523,0.034
"56","Dietzia (RSV1270)",0,0,0,0,0,0,0,0,0,0.000454031906811859,-0.00731963290695467,-0.000738719575129206,0,-0.000415127548754003,0,0,-0.00239065305021863,0,0,1.7163961988008e-05,0,0,-0.000133006295637669,0,-0.00257128377316737,-9.62470163822461e-06,0.000379398334331651,0,0,0,0,0,0,0,0,-0.000847362262460814,0,0,0,0,0,0,-0.000229430640157318,-0.000991890700837423,0,-0.00322861828157921,0,0,-0.000127617130667792,0,-0.000711023222812522,0,0,0.000353579974375397,0,0,-0.00266002495267759,0,-0.00406332408718157,0,0,0,0,0.000426511467724974,0,0,0,0,0,0.000378247718851691,0,0,0,0,0.00271745669933683,0,0,0,0,-0.00319423414377264,-0.00300736582662104,0,0,0,0,0,0,0,-0.000871170012678948,0,0,0,0,0,0,-0.00623437349519393,0,-0.00188190987371826,0,-0.00728726078978655,-0.000474293920986908,0.00196219250597569,3,45,6.7,0,-0.0958441898951296,0.531121932970964,0.959370452745787,-0.0540514434820523,0.542986357455816,0.921649610577003,-0.0149754168515816,0.516156006283843,0.927588671191187,-0.0103376446789643,0.500164736477921,0.912413520422572,0.006
"127","Quadrisphaera (RSV7034)",-0.00125947141141394,-0.000200624392096891,0.000146254045353054,0.000163543983440512,-8.80102114589296e-05,0,-0.00364269323000373,0.000551675073981509,0,0.00355467805140145,0.00142975273797673,0,-0.00148871082265883,0,0.000645816237116715,0.0015208816530367,-0.00049684434121749,9.70092058022739e-05,-0.0003445252475092,0.000557381771118544,-0.00288657380637915,-0.00195154404055745,-0.00107226982353166,0.00343721928742411,-0.00331396749991123,-0.00117490855402637,-0.00221553364523867,0,0.00686679157334305,0.00116961810019809,-0.00225617899280603,-0.000635798938638591,0.0016593654851829,-0.000882556956864375,0,0,0.00288036070871174,-0.00275244401629545,-0.00349270850449032,-0.00160761573775099,-0.00277808564247332,-0.00803756687789602,0.00112925974164485,-0.00420716758317892,0,0.00360613785115317,0,0.000353526153692674,0,-0.000856798450848853,0.00012376286632015,0.000464256658961467,0,-0.000199199620099835,-0.00444652158602847,4.29338772153419e-05,-0.00522799769652514,-0.00113032665638905,0,0,0.000744953654293809,-3.89394212926655e-05,-0.00408348507401131,0,0,0.00154977608056957,-0.00563564994994693,0,-0.00364762711697262,0.000536875524770627,-0.001528622591831,-0.00125201979895283,0,-0.00124274748127235,-0.00405071403519597,0.00426055031614109,0.000557647653186197,0,0.00154507371327914,0.000761123322777995,0,0.00271135627778622,0.00452089194453125,0.000130989166131274,-0.000906630251979093,0.00149676828430551,0,0.00280342630885649,-0.00343798414303284,0.00178752819755688,-0.000504076204807971,0.000685900016307946,0.00671117008613538,0,-0.00063534602274854,0.00101039307394683,-0.00405599501381377,0,0.00480038409334708,-0.00274011489918241,-0.000481634874508209,0.00196518678687212,4,45,8.9,0,0.133717485278836,0.38119080523835,0.89755031281021,0.0333362428589242,0.575261472867958,0.937149723975475,0.00299055378798684,0.556508640944288,0.944823032023854,-0.000980021361002736,0.556160721862517,0.93271415960339,0.006
"128","Rhodococcus (RSV1407)",0.00239488498063688,0.0032617826310725,0,-0.00729861342551791,0.000373696393402234,-0.000736278361646654,-0.00139791826577711,0.000495910919447849,-0.0013476050398566,0.00107092299509872,-0.00488135499999938,0.00503823311842665,0,0.00258567488326404,0.00291388892069543,0,-0.000563497754829399,-0.00688332978602722,-0.00232909008432933,0,-0.00231529099540083,-0.00158142714440722,-0.00105976383210725,-0.00494799884593102,0.00095320023696702,0,0.00803698913895234,0.00691583960955592,0,0.000552287321961762,-0.00344769346985936,-0.00484981065279321,0,0.0018710026045352,-5.10029754348622e-05,0,-0.0099690936398397,-0.00174186249580066,7.10675288811434e-05,-1.35761258023348e-06,0.000125072967989002,-0.000950252327996192,0,-0.00346159417350164,-0.00106193822830231,-0.00308708138289868,0.00050547262366327,-0.00158467053551667,-0.00131179767467334,0,0.000646156567915412,-0.000712278611381829,-0.00330568958063522,-0.0022815542722405,0.00419016717468726,-0.00311582046746428,0.00333499066012293,-0.0063586881787133,0,-0.00179310066031508,0,-0.00354630289460228,0.000220214191279406,-0.00377332902020562,-0.00136366746698156,0,-0.00299996581403332,-0.000103357058770225,-0.00217288975001796,-0.00135826857244484,-0.0031622867723708,0,-0.00050668724848026,-0.00705469977913772,-0.00172473033684368,-0.0119407827462872,0,0,0.00242006288659684,0.000952023303386419,-0.000205004951754687,0.000486746566413269,-0.000681571008344095,0,-0.0100703519883913,0.000893985820831141,-0.00273577752023149,0.00230986482708475,0,0,-3.57069720668467e-05,-0.00506955380031386,-0.00266140588235926,0,-0.00614339358031612,-0.00153341017406018,0,-0.0172258517320704,-0.000418950825781309,0.00189559037690868,-0.000533301734925125,0.00305681086009672,5,45,11.1,0,0.142610028938105,0.350033061357451,0.887252984643779,0.127784822563611,0.417478478382173,0.902428977759565,0.108071716579297,0.452811674752478,0.916841207002387,0.0713202642071669,0.46219873994303,0.906117953914357,0.004
"65","Escherichia/Shigella (RSV21)",-0.000147869107288541,-0.00381276686400696,-0.00143165577054355,-0.00713959485567613,0.00159256207794423,0.00113771002089494,0,0,0,0,0,-0.0017254846307434,-0.000763323966652623,0,-0.000210676778574399,-0.000818881439071522,-0.000953438014675914,-0.000406279444296974,0,-0.00731962893897267,-4.0446241305134e-05,-0.000795871395748253,0.000658291135853254,0,0.000486887659394477,-0.002213150210183,0.000325654613266714,-0.00122017608288127,0.00492654663845235,0,-0.00027542986853103,0,0.00115667596386694,0.000788720313873018,-0.000781725550633793,0.00598438484094445,-3.35492815274847e-06,-0.000517875792779735,0,0.00188110254045488,0.000542316953852648,0,0,-0.00170780475998612,0.000423420653328073,0,0.00255532239868705,-0.000859616298065787,0,-0.00169539304529402,-0.00734037106684224,-0.000954889738153768,-0.00182244282896003,0,0.00173198612031616,0,0.00107462654591595,-0.0015692907505873,-0.00230715393022091,-0.00174541539192949,0.000269029538831101,-0.00177044816298215,0,-0.00118231301998412,-0.00183881898617716,-0.0044620200389156,0,-0.0012790821504414,-0.000479041545635165,-0.0012287920878309,-0.00163770318232921,0,0.00423322450021927,0,-0.000732553684586516,-0.00278442253523873,7.91737835520223e-05,0.000199621411312918,0,-0.000311440749125355,0,-0.00102065733785355,-0.000318755858830398,-0.000831534876141091,-0.000229890965565283,-0.000835303350255574,0,-0.000174137539738202,3.58894669682324e-05,0.00214900309272323,0.00213929620249482,-0.00220677046489174,0.0022444640347645,0.00312893162691122,0.000335381620774245,-0.00110452718921469,-0.00196081061088027,0.00135802426260776,0.000569516485892422,-0.00324639581845167,-0.000537019411610299,0.00211166996074135,4,45,8.9,0,-0.14895098173871,0.32879802549818,0.887252984643779,-0.0703808026064862,0.524515119099256,0.920802908106431,-0.0551898723331368,0.524160093576077,0.932330425914902,-0.0385685825943012,0.527916832177478,0.91965114242405,0.003
"40","Corynebacterium_1 (RSV101)",-0.0415050237751371,0.0139141945840733,0.00568651472013814,0.0277847709626821,0.00101301050046819,-0.00457829814030256,-0.0134266578184598,-0.0265701498136762,-0.0178691386678877,0.0114280284645905,-0.0180321389816595,-0.00169773887126193,0.012021665307891,0.0182228577541046,-0.00595586582826373,0.00207524287617133,-0.00523287774194441,-0.00243124057883433,-0.0300679733672736,0.00839958755176266,-0.00224570625176052,-0.0115993456940634,-0.0212721317164973,-0.0455412689578743,0.0122489014304085,-0.0359494678789412,-0.0104670858296766,-0.0123732757067023,-0.00485290539353893,-0.00279547242458865,0.0255189509165167,-0.0125431337232501,-0.00576580716669399,0.0323910855351922,-0.0114569737907275,0.00165673764524808,-0.0410588841213566,-0.0230723186840624,-0.00804695712886164,-0.00450840425815606,0.0180805826297922,0.00204205040798918,-0.0173010468761585,0.0622716825481911,0.0260069536498201,-0.00599200900740481,-0.0213763545708277,0.0115655956460974,0.0710308991714191,-0.00917142913536168,-0.0125299125267206,-0.0359434047322384,0.0157407874387896,0.00161399095739461,-0.0128839127135289,-0.0325272145048037,-0.012615079864221,0.0676470414304113,-0.0102492057606226,-0.00636332116238276,0.0228162447015417,-0.00900714144129842,-0.0200033447312461,-0.00751994828690269,-0.0208060777938216,-0.00817486899930855,-0.00907086278993309,-0.00394746793202614,-0.0126753424163305,0.00524534716212722,0.00616613029855237,-0.00995105493249723,0.00567161233364941,-0.0165280423173537,-0.0309384181476746,0.00592471790237808,-0.00260865894046106,-0.0430235697504828,0.00678157943101933,0.0080705765331644,-0.0159087197998121,-0.0258855626650502,0.0161830732011324,-0.0225309201653429,0.0699438476706311,-0.0197248468718087,0.000312730153929531,0.00506580825129833,-0.0581775028792222,0.0101877880049076,-0.0401411723671481,0.00771926535385123,0.0332677522385898,0.0321599538905624,-0.0403750387170252,-0.0155759992022156,0.0628532532830458,-0.0187744372837343,0.0591981816098147,-0.0183160236807589,-0.00055134483422046,0.0228867390054555,25,45,55.6,0.9,0.116090384443609,0.447603317198017,0.912020214324925,0.0285957687440272,0.739264192792136,0.963535112446269,0.0955638926467533,0.543690653834566,0.949168267787342,0.0752245428550326,0.48641465926419,0.928977783798736,0.953
"4","Acinetobacter (RSV1499)",0,0.00127432074285097,-0.000634318409632939,-0.0026718886089908,0,-0.000843002381313052,-1.79495543873663e-05,-0.00183695119221398,0.000574961616378183,0.00106202909075808,-0.00083387266649271,0.00119630911431262,0.000166099873659875,-0.00297479707833386,0.000857240630601474,-0.000488857749094898,0.00255487934098694,0.000102228230062601,-0.000357593374956153,0.000145546758901817,0.000523448647409117,0,0,0.00146346529830729,-0.00136021609750156,-0.000860892187028924,-6.53126672277925e-05,-0.000901433809485509,0.00120674743425585,-0.000963925980174026,0,9.83038034404343e-05,0.00028868090406724,-0.00224407300336654,-0.000159211854039006,0.000713620774643564,0,-0.000632851200645389,-0.000134251454157349,-0.000194003082855643,0,-3.2723331507367e-05,-0.000171780314110848,0.0034832751470528,0,0,-8.15410117037164e-05,-0.000984959540286699,0,-0.00162037753131037,0.00214404331621307,-0.0017426912390524,0,-0.00487313209800223,-4.30653497513731e-05,3.12373566560361e-05,0,-0.00167503832278758,0.000884730195889413,0.000679731860217949,-0.00091469160591632,0.000133047967050081,0,-0.000160806782387109,-0.00351427998431477,2.66118994602114e-05,-0.0058941421662266,-0.000299329349788992,-0.000783160582903496,0,-2.93133546008536e-05,-0.0105335089422307,-0.003069179570145,-6.82107266331135e-05,-0.00165261968542137,0,0.00024539104074868,0.000911066233776011,-0.00182136823793389,-0.00163078113160561,-8.91201451218217e-05,0.00312251388681628,-0.00714157532512958,0,0.000163367814857322,0.00079140473202004,-0.000482673080904431,-0.00147734061719635,-0.00350829989939409,9.15625864462299e-06,-0.0010843459210746,0,-0.00162651631039122,5.00302949535713e-05,-0.00151439486681908,0,0,0,-0.00216250578940351,-0.00147404883832449,-0.000560492599406802,0.00111842228108966,4,45,8.9,0.1,-0.0477753091116001,0.755309584477541,0.959370452745787,-0.0314025614035032,0.59198764842084,0.934735019523904,-0.0273360293584174,0.560922589310756,0.93917395005294,-0.013467390315715,0.562722884865149,0.930455562032639,0.12
"2","Acinetobacter (RSV1019)",-0.00308310661741271,0,0,-2.55143144516004e-05,0.000138018145297009,0.000485909292567945,-0.000170811079298635,0.0022613958370055,-0.000378428832809295,0,-0.000873402662190811,-0.000300912852446548,4.11161718797833e-05,0.000284870867555205,-0.000325379851002841,-0.000384339854897643,-0.00334516098772463,-3.10201416538039e-05,-0.000187629542137255,0,0.000207482017174806,-0.000435538749387673,-2.90798503836483e-05,0,-0.00163319697959324,-0.000520985216377397,0.00105973982483339,0,-0.000539283751509004,-0.0013091066561808,0,0.000540323524123731,0,-3.79018695142615e-05,-0.00221019473056508,0.000135388962237904,0,4.52883957527907e-05,0.000362846930220819,-5.99772277519572e-05,0,0.00105616029577985,0.000364333565983744,0.00121295898910297,0.000746163725894225,-2.33224759348758e-05,0.000500354739304337,0,0,-0.00422688207669662,-0.0016394752938396,-0.00207968608614617,-0.000633197890873936,0.000570174931609326,-0.00181341372423226,-0.0109939464716968,0.000762814365227854,-0.000480738313419112,0,-0.000329343827446331,-0.00121673030450139,0,-0.00792014043277327,0,-0.00090443953586158,0,-0.000846406844990169,-0.000839308227561388,-0.000936189782985335,0,-0.000272814443545442,0,2.16708300767399e-05,0,-6.97174920119995e-05,0,-0.000408733296985215,0,0.00073318483971305,0.0002358809892666,-0.000435469575639369,0,0,0,-0.000116135419497592,0.000644368814688077,0,0,-0.000192640654021031,0.000481056383141,0,0.00205679665456242,-0.00102454874559977,0.000887845923899818,-0.000279722188521563,0,0,-0.00183851900333601,0.000312981365192579,0.000170935545271131,-0.000575272746024595,0.00116589481132582,4,45,8.9,0.1,0.0194837852801498,0.898912527018288,0.960057066525305,0.00179161402087274,0.592162840830212,0.945364457761872,0.00455017134006948,0.551326298918918,0.943866201126971,0.00303490485987944,0.553922406908294,0.936512715586839,0.09
"147","Staphylococcus (RSV320)",-0.0104587057973057,0.00108234946037967,0.000572564460498319,0.000818996122015639,-7.04877830133248e-05,0.00068030444271578,-0.00192918347495747,0.000209405208567938,-0.0014247744700002,-0.00119399597331922,4.80872271289688e-05,-0.000700332695370804,0.000432139205929984,-0.00161971775492305,-0.00403747273217327,-0.00120120979909968,-0.00571628781281101,0.000450740477444646,-0.00754087050659117,0,0.00132295435557546,-0.00104879125670989,-0.0021186107155521,-0.00250483072594972,-0.000985069048455882,-0.00028650397861836,-0.00330947770650199,0,0.000143955040133273,0.00114765873500801,0.000214570796269719,-0.000872860593177551,-0.000577771046553085,0.0019456423006858,-0.00034885792392731,-0.00175672035225823,-4.50727811286998e-05,-0.000244955800152991,0.00320573988989395,-0.000120870093080499,0.000592167397974255,-0.000654410156241014,0.00140878524407241,0.00187696602368513,0.000627844494904134,-0.00129495710103828,0.0008292039112271,0.00153781130250553,0,-0.00426795926729036,-0.00101782091705108,0.00318080134521543,0.00135342140188436,-0.00405689709455336,-0.00244079799790511,-0.000967705751836199,-0.00206690408875998,0.000896274915783804,-0.00218611355251117,-0.000625974974794474,-0.000962174231452894,-0.000616364251877936,-0.00148637470795547,-0.00634062901361502,0.000161371625784642,-6.86038425711411e-05,-0.00703994342611654,-0.000355751435748585,-0.00195801428317366,-0.00192795586777401,0.00157415075905977,0.00201512638386459,0.000866856305497859,0.00119181950229682,-0.000270975961956774,-0.000105362063703639,0.000358988486435425,0.000431755450358349,-0.00412968340024072,-0.00185349637471232,-0.00158637208085102,-0.000130935424230096,-7.43045004157056e-05,-0.00360590293360724,0.00868819724483003,-0.00120224930787772,0.00045257646727601,0.00102270303789582,-0.00241518978954717,0.000172253582093403,-0.00300198435594975,0.000303645473039311,0.00152707835945984,0.000372435048946528,-0.00190108557360646,-0.00737563560663035,-0.00134404881372715,0.000201555460077281,-0.00207996893187903,-0.00240553894036787,-0.000582660641487833,0.00262068520694082,6,45,13.3,0.1,-0.0412558111426025,0.787868841015153,0.959370452745787,-0.0420347295590569,0.627447741096412,0.948542913126223,-0.0121083971271261,0.553757467159781,0.933904916745019,-0.0102428039020931,0.551096300211951,0.925381488241294,0.122
"163","Stenotrophomonas (RSV814)",0.00156014341144714,0,0,0,0,0,-0.00193196928571877,0,0,0,0.00076476407578348,0,-0.00537647560654832,-0.00349889461554227,0,-0.00258804750479492,0,0.000313057645671876,0,0.000401179113832029,-0.00330662317588628,0,0,0.00238714150492347,0,-0.0023728753596903,0,-0.00336500185031525,-0.00321513458551233,0,-0.00233637668074805,0,0.00275904726902364,-0.00547050129823962,0,-0.00239380418756426,0,0,0,0,-0.00497722425963303,-0.00532357786702812,0,0,0,-0.00662557644557315,0,0,0,-0.00252104155888004,0.000203259693690399,0,0.00144084150654106,-0.00202445504273467,0,0,0.000889666750378455,0,0,0,-0.000881904697351566,0,-0.00521402875879666,0,0,0,0,0,0,0,-0.00149209794041698,0,0,0.000850079058008998,-0.00434500376426216,0.00212260720547954,0.00174919325845856,0,0,0,0,0,-0.000126603822416604,0,-0.00255133389724288,-0.00112081797625545,-0.00272970113475609,0,-2.81791217657774e-05,-0.00317874225351754,0,-7.72420275442109e-07,0,0,0,-5.67070321799489e-05,0,0,0,0,-0.000609747118003529,0.00134894752240158,3,45,6.7,0.3,0.0741937984634556,0.628123246739236,0.959370452745787,0.0571963824105189,0.531864279851227,0.941144584898943,0.0305561506144666,0.517226751700806,0.941790016651008,0.0208017437270903,0.504697561172769,0.924178285040866,0.828
"61","Enterobacter (RSV51)",-0.00372414822985697,-0.000153698828809458,-0.0012005103112225,0.000721798138057415,0,-0.00236061228353961,-0.000388670244603092,0,-0.000748413894908449,-0.00021504977923107,-0.00195912059142248,-0.00615067310180856,0.00181880751278729,-0.00108430851781438,-0.000238128993182784,0.00274368942822794,0,0.000555508517946889,0,5.64722488751575e-05,-0.00301368247057143,0,0,0.00196075791516507,0,-0.0068837409193379,-0.00172996494852022,-0.00114561086529089,-0.000233943231420852,-0.000465448027392783,-0.00154863094626677,0.00019342332955922,0.000854440439278676,-0.00107598425579473,0,-0.000408149276909387,0,-0.00191302305210611,-0.000113531311230088,0,-0.00392674750333389,-0.000158980873074427,-0.000511635757914898,-0.00112676455979917,0,-0.00135891494113958,0,0,0.000155895370030456,-0.00117329113738459,0,-0.00284158736725363,-0.00187787801853616,0,-0.00375847324433485,-0.000334130997028974,0,0.00131931352921379,0.000182489678147268,-0.000127565320996034,-0.000219756191800311,0.000191121015365558,-0.001813514912715,-7.23396830645768e-05,0,0,0.00140312744632252,-0.00242047620614817,0,-0.000348544819206182,-0.000175119593528867,0,-0.000809042048217478,-0.00166857226092403,-0.00342575290785948,-0.00176843626691288,0.000400152252569195,0,0,-0.00083691830849921,0,-0.00220387433316179,-0.000479665498657835,-0.00131091598723643,-0.00301329031695421,0,0.000163713876265027,0.00101956186666203,6.23674648748899e-05,0.00125020682605743,0,-0.00601666005193179,-0.00260607314110392,-0.00213869031067413,0,-4.71504225006238e-05,0,-0.00113357383502093,0,0,-0.00061478918900543,0.00128724733594845,4,45,8.9,0,-0.0277577214950079,0.856368043037183,0.959370452745787,-0.00773286180205265,0.584975618133325,0.945274383723155,-0.0157763293634762,0.554234540021411,0.942382576637804,-0.0101795767175123,0.547129274476136,0.931112338800441,0.054
"98","Lawsonella (RSV1293)",0.00030159057756535,0.00189683622500994,-0.0120619600026023,-0.00328632262530896,0,0.00794787684633209,-0.00332341056831037,-0.00256179000937458,0.00434972736863593,0.00197098473833412,-0.0022970485667172,0.00248982833532485,0.00143368022598828,-0.00261381996487716,-0.00391509938087222,-0.000846027329962412,0,-0.00541422618649743,0.000139821565306368,0.0019847203611825,0.00168918458018367,-0.00481560621360749,0.00423636583587504,0.000868294972901583,-0.00082143201247119,-0.00920951599391142,-0.00140718293720558,-0.00484744785107885,0.000681911432144773,0,0,-0.000562685336036126,-0.00159968395245087,0.00144218783998698,0.00406697635587368,-0.000352751794029813,0,-0.002100671498038,0.00208363961144689,-0.00498393112224224,-0.000787813502577894,-0.00155616046153719,-4.55167162734529e-05,0,0.00648745096576312,0,0,-0.00134989111422481,-0.00404691769263132,-0.00638576004004803,0.00129566993743715,0.00361703414177516,-0.000136261033084023,0,-0.00915844961643545,0.00571070891083365,-0.00218506446376461,-0.0076621144015549,0.00212811398455066,0,0.000329949441927171,-0.00496432201401331,0.00519480852850805,0.0111317064446435,-0.0002028589992358,-0.00229813547971899,0.00349136828126536,-0.000959905963548091,0.000756731405470979,-0.0039585264785969,-0.00139523374315766,0.000689403624665355,-0.0110212968638613,-0.00143391945927183,4.23736150185131e-05,-0.00670092208473604,0.000147934501945738,-0.00171454793651331,-0.0057388023682399,-0.00227487293607697,1.14607537063966e-05,0.00328855307284426,-0.00588135938626224,-0.000666098874341168,0.000422248353196942,-0.00236707756745795,-0.00376438194598659,0.00445838575088582,0.00083292503353334,0.0013353936896699,-0.00467080356335854,0.000345462499058681,-0.0020349508599595,0.000588066343798584,0,0.00173067319590401,0,-0.00498974263501366,3.44609067937412e-05,0.00305716552224208,-0.000616680849234897,0.00367451047896014,4,45,8.9,0.1,0.046440803270494,0.761942271741306,0.959370452745787,0.0224365217326338,0.616050942280792,0.949437098121796,-0.00961197959326442,0.556782532908621,0.944768607936049,-0.00738177379981093,0.54863148218666,0.931674562302616,0.062
"43","Corynebacterium_1 (RSV4094)",0,-0.000222362748465647,-0.000195559302544645,-0.000711860976782231,0,0.00210284779957784,0,-0.000460262801910701,0,-0.00111772794789641,0.000381765590038183,-0.00213115300613574,0,0.000304062907673349,0,0,0,0,0,0,0.000627221000187785,0,-0.00137311459613533,-0.00398406892243315,-1.80288607373938e-05,-0.00100710751959029,0.00217698091120947,-0.00212566191576607,0,0,0,0,-0.0010799484412492,0.000565756481973399,-0.00428816186243529,0.00124254443318909,4.95848236686707e-05,-0.00124925492654633,0,0,-0.0019445142404614,-0.00333532198026927,0,-0.00111021181558258,0.00133781886656943,0,-0.00035778556055998,0.000285418335535188,0,-0.00488008154136007,0.000824630333896096,0,0.000463641596756732,-0.00332178464264568,0,0.000944834231981958,0,0,0,0,0,0.000563669653784106,0,0,-0.00151476225985518,-0.00255615239693467,0.000889277778966529,-2.80885983314403e-06,0.000219462027361983,0,-0.000326422040209514,0,-0.00271387156366858,0,-0.0023517122645875,1.42236449887561e-05,0,0.000974125934965623,0,0.000294074280341362,0,0.00102898501483095,-0.000569160648308825,0,-0.00103513524643485,-0.00207114585897526,-0.00282422519143521,0,-0.00204675232471022,0,-0.00297747521894681,-0.00256940382567436,0,0,0.000119902343669801,0,-0.000707117454573613,-0.000446208670106082,0,0.000581049219582988,-0.000643638263657155,0.00156091333844596,3,45,6.7,0,-0.0425052767377908,0.781599190817708,0.959370452745787,-0.011387463135865,0.519367885188168,0.922813115653785,-0.02326764086612,0.520193214462043,0.9289290185862,-0.0165181019717397,0.514668563669711,0.919171825425124,0.002
"126","Pseudoxanthomonas (RSV4710)",0.00083456286498588,-0.00238322525786997,-0.00660267918294429,-0.0128676858953587,0,-0.00196919789919644,-0.00161811059453845,-0.000811300396098616,0,0,0,-0.00593532236057837,0,-0.00292278498068467,-0.0041786629223584,0.000350411628876627,-0.000206249078086762,0.000546026182578215,0,-5.94844099438906e-05,-0.00229432951753592,0,0,-0.0140017224583659,0,0,-0.00550082931279258,0,-0.000361673763105037,0.00179890668287875,-0.00356396061156469,0,0,-0.00323689137333008,0,-6.34179880501352e-05,-0.003522610625927,-0.000569460484121636,0.00037614544829787,0,-0.00337162132175692,-0.00038954584994051,0,-0.00364891877468517,0,-0.000408672256368912,0.00116983372065817,0.00144060865897775,0,0,0,-0.00135869828127118,-0.0057086702688136,-0.0105114212897041,0,-0.00595377543783329,0,-0.00148618529534704,0,0,-0.000153645636508085,0,0,0,0,0,0.00312314670659342,1.93827376092547e-05,0,0.000414824907054846,0,0,-0.000685795284449886,-0.00993201101003261,-0.00534337874534881,0.00162276383081109,0,0,0,0,-0.00834669404628503,0,0,-0.00174201765076266,0,0,-0.00552762996454181,0,0.000844704339038808,0,-0.00934933197765113,0,-0.0017093984289599,-0.00674108589163313,-0.00441870498752267,0,0,-0.0163732225424376,0.000986532738202223,-0.00119025637435342,-0.00064883779247968,0.00180564113080196,4,45,8.9,0.1,0.0170839835685976,0.911310306361473,0.966088521497955,0.0528590108930717,0.580587937417833,0.941421065930547,-0.0326912310124992,0.535179582343145,0.941653073305209,-0.0249431243171342,0.520654467693547,0.925839909423005,0.089
"36","Chryseobacterium (RSV513)",0.000560457778578614,-0.0072646941537109,-0.0115225557168208,-0.00361389399208519,0.00295554844693952,-0.00127735797120146,-0.0160433620181284,0.0013066719691352,0,0.000530218188500722,0,-0.0167446682670371,-0.00141044127110007,-0.0223953099687265,0.00343888058374695,-0.00910794527724751,-0.0019300129079211,-0.0150368375800552,0.000456153601223887,-0.0080250645885258,-0.00830845530740525,-0.00973611053759997,0,-0.000709381359289404,-0.004854008965595,-0.000183695688397945,-0.00800976555870669,0.00158525250200803,-0.00263662739538973,-0.00199186665025273,-0.00465154524422266,-0.0069192042074068,-0.00391513800586226,0.00259893335657978,0,-0.00485945788348478,-0.0130947387699954,-0.00174017492928312,0.00179489939099562,0.00142634700739373,-0.00728717444966833,-0.00143542569646378,-0.00118993681269997,-0.0106550756713422,0.00804539504563348,0.000787283069023337,0.00709154501866539,-0.00138782282242472,-0.00236270134468536,-0.00166374732634692,-0.00903835456718557,0,0.00369250767002149,-0.00469155873362362,-0.0018631001404322,-0.00704590259871939,-0.00507454000654021,-0.00812311272711048,0,-0.000512775855348082,-0.0138638203079529,0,-0.00869167660597879,0,-0.00453674484503208,0,-0.00042813444202468,0.000902751320861413,-0.00859951475948561,0,0.0012527936958751,0.00263629037932415,0.000165621112553427,-0.013357153091829,-0.000376857171061051,-0.00994721578865111,-0.00619914802915066,0.00111972414292383,0,-0.000669306087979306,-0.000688963752984653,-0.00133254740650064,0.00210018185864434,-0.00462236494350486,0.000600022723673521,0.00193268208093091,-0.0016568248315198,-0.00476216178588036,0.00191811369408303,0,-0.0199075544589126,0,-0.00440038484747328,-0.00405150595487698,-0.00259394254729632,-0.00184130281287379,0,-0.00472474183278651,0,-0.0036384631645368,-0.000686473267325918,0.00338815267855002,5,45,11.1,0.1,0.0724521738889608,0.636234876743324,0.959370452745787,0.0149762930251192,0.632381751247446,0.949069689528828,0.0160800172696573,0.573258879716928,0.950918898439922,0.0133567427426986,0.560189246861232,0.940274554377079,0.158
"116","Pseudomonas (RSV1506)",0,-0.000157801395975167,0.00246045537324591,0,0,0,-0.000298263549353736,-0.00196391661923808,0,0,-0.00109258757733172,0,-0.000630806533886718,-0.000856975968028942,0,0,0,0,0,-0.00337585931463643,0,-0.00192299017870133,0.000475862543601679,0,0,0.000599712677585186,0,0.00417130034331835,0,0,-0.00230387911831295,0.000646204447185585,0,0.00025180451076378,-0.00381921178493516,0,0.000474694418748348,-0.000433986151344001,0,0,0.00284149109456725,-0.00134750325527965,-5.61235990556459e-05,-0.00120525236737929,0,-0.00358429327011246,-0.00165512510724302,0,0,0,0,0,0,-0.00179930586741752,0,0.000485313181502728,0,-0.00160817644959129,0,-0.00158350830971876,-0.00514371421525899,0.00148207194568298,0,0,0,0,0.00258875180547171,0.00122549882857755,-0.00232335640804033,0,0,0,0,0.00167022943735415,-0.000538116378956577,-0.00119976529856042,0,-0.00031252345400476,0,-0.00404710404782625,-0.00367477269617788,3.45565987687207e-05,0,0.00157050340359319,0,0,-0.00124213842841246,0,0,-0.000928615037679399,0.000774762183400758,0.000438281698020692,0.0012623384061851,-0.00137760766205769,0,-0.000354655292610928,-0.00325383770974386,-0.00101350983378059,0,0,-0.000714620743687629,0.00137281105171714,3,45,6.7,0.1,-0.0831823695298702,0.586961175459244,0.959370452745787,-0.0421043819565226,0.558239732666111,0.929648241394989,-0.0498151111189959,0.504007698125542,0.926179531550236,-0.0354230301614053,0.497700718589485,0.911797005993418,0.42
"94","Lactobacillus (RSV11)",-0.00575144078487356,-3.53843941074416e-05,-0.000402469262653421,-0.0028041492541674,0,0,-0.0050697012410401,0.00158838248429857,0,-0.00243048304306882,0.00332093101984774,-0.000453235176487017,0.00199780106363025,-0.000716486573367653,-0.000651004696455286,-0.000755181775941828,-0.00113238109997132,-0.00320801668155178,-0.00245215599177131,-0.000786283238997597,-0.00489585025001748,-0.000436405582447041,-8.6130318856199e-06,0,0,-0.000114719271187591,-0.00272136831040208,0,-0.00201735356187001,0,-0.00105326440219047,-0.00348662977793093,-0.00310269061162722,-0.000857948284322238,-0.00279185331262548,0.00373828839857187,-0.00173437727873582,0.00697992551893752,0,-2.34156255861637e-05,0.00174920915653084,0,0,-5.75275244168641e-05,0,-0.00248271927780257,0.000344827343408473,-0.00274397054316117,6.14816379419583e-05,-0.000763583585928127,-0.000404206527504996,0,-0.00285947412902413,0.000434425602703691,-0.0022167943174387,-0.00318744140248991,-0.00172251110601761,0,-0.000144344109240997,-0.00561567533692907,-0.000191675415982052,0.00262136440228821,0.00330007120217867,-0.000269000535211832,0,-0.000913566146261775,-0.012584297160636,-0.0018050767033874,-0.000115481466581498,0.000134015590633109,0,-0.00130295718840373,-7.6214912682274e-05,-0.000836187176182238,0.000594906343324059,-0.00152889080587657,-2.66188159742335e-05,-0.00256748897598184,-0.00159204717385661,0.000763434637785712,0.000461810256398669,-1.03135695495737e-05,-0.00072171578086442,-0.00305282010867722,0.00093538072839741,-0.00259661648057973,0.00391197540968807,-0.00145759438319891,-0.000252702229250748,0,-0.00449454269844047,-0.000469813444379661,-0.00140337357571019,0,0.000756200969951008,-0.000166770837413097,0.000978845090218752,-7.39106742498341e-05,-0.000528391713837526,-0.00243899883305688,-0.000726707685999741,0.00161514954814056,5,45,11.1,0.1,-0.124000251854808,0.417049569443609,0.903796330179714,-0.027353579914734,0.620792463378961,0.948174651052114,-0.0424195385155889,0.54654380070293,0.949690030599457,-0.0277883476232711,0.539138925857306,0.934262086889436,0.061
"118","Pseudomonas (RSV2943)",0,-9.44436654566784e-05,-0.00363910832110478,0,-0.00139875909009808,0,0.00251468569843485,0,0,-0.00354607923996419,0.00024354143505615,-0.00305168169404987,0.000818141807267819,-0.0030352433638286,0,-0.000332783654629597,-0.000888999902230849,-0.00161929998145392,-0.00071524668365795,3.03418844103638e-05,-0.000237701957091659,0,0,0,-0.00434332720984112,-0.00309436254435843,0,0,-0.000431365225012329,-0.00203189594770945,0,0,-0.000951383845006351,0.000122564755623535,-0.00066648801976806,-0.000280422029847635,-0.00213644343622279,-0.00257830666933552,-0.000337700680813676,0,0.00150915121233993,0.000524327867606737,0,0,0,-0.00114529572172076,0,-0.000814215270901319,0,0,0.000424456169971137,-0.00106302901205577,-1.37776076250392e-05,-0.00110647003082943,0.000929177565233474,0,-0.00281556685472051,0,0.00106184442795635,0.000190226476242219,-0.000380613433679472,0.00094875984193292,0,3.51695824840874e-05,-7.49570903961418e-05,-0.00145308966947414,0.000761656621905372,0,-0.00295973224464836,-0.00168094771894784,0,0.00193872265505816,0.000542656711704386,0,0,0.000462929887258659,0,0.000333510421228255,-0.000927110130569399,-0.003681088364297,-0.00043720532483969,0,-0.000542100204997608,0,0,-0.00162284333892355,0,-0.000376167927733419,-0.0015617959262501,-0.000275973388493547,0.000452372505438666,0,0,0,0.00239417663469828,-0.000239245983386916,0.00130483430777093,0,-0.00111042241742236,-0.000519431771060362,-0.000733751263999573,0.00163128671789126,4,45,8.9,0.1,0.16067450326918,0.291710691473926,0.887252984643779,0.0138923311368135,0.602607948077756,0.94701445953145,0.00759734490717483,0.551824538886949,0.94443801191958,0.00422041457076985,0.551835754834017,0.934976618292171,0.332
"18","Acinetobacter (RSV725)",0,0.000142891456657369,0.000197679042152996,-0.000486332143007959,-0.000302519567825617,0.0011673409699742,-0.000179441136939252,2.41667617601937e-05,0,0.00150938803132245,0.00162147533677815,0,-1.74794693358157e-05,-0.00236806821102932,0,0.000801289604829081,-0.000630010214030386,0.000413598674168678,0,-0.00422484706311672,0.000253175144756174,0,-0.000470928668966956,-0.0026127752546386,-0.00102709575976351,0.00566093670977907,0,-0.000129254143202921,-0.00192235839562207,0,0,0,0,-0.000547933532714978,0,-0.000215573431296987,-0.00359638397283803,-0.000783287169325871,-0.000497099186049346,-3.35857062528551e-07,-0.00416343013380136,0,0,0,0.000465238147477184,-0.00155586010742348,0,0,-0.000699711656168064,0,-0.00443248865722872,-0.00235388236506341,0,0,-0.00280987066564283,0.000350080112197785,-0.000402093604146685,-0.00191882131886678,0,-0.00217512966965308,0,-0.00234380874390025,0.00150907819158724,0,-0.0011620365836595,-0.00329852572236093,0.00150071263261999,0.000408896934847381,-0.000832680041628798,0.000393510391117727,0,-0.000557444080132491,-0.00554808100449154,-0.00152158823166037,0,-0.00149303943489162,0.000525671962936082,0.000146396604931551,-0.000208004665964542,4.79548550723697e-05,0,0,0.000307803590610033,-0.00128881504295869,0.00200631472183863,-0.00154351458256414,0.000284855842495748,0,-0.000865567183402168,-0.00467921558282099,0.00233527790546795,0,0,-0.000344705353861233,-0.00321528796033864,-0.000539847763596714,5.46571335200077e-19,-0.000296864426703377,0,0.000157755083692872,-0.00075080887396811,0.0017864041799647,5,45,11.1,0.2,-0.111443264325207,0.466110583622244,0.922708706354238,-0.119915520104751,0.438350783516559,0.911490098664331,-0.08841332926935,0.473513747036808,0.922322406549604,-0.0609668127320573,0.471778790698305,0.909913735768564,0.238
"145","Staphylococcus (RSV2529)",0.000903469668285441,-1.7019167361146e-06,0,-0.000770732682554625,-0.000401371729273916,0.000125288939289788,0.000195585816614822,0,0.000862810402632498,-0.00191525577024608,0.00213203252053985,-0.000321820185566306,0,0.00255844884902176,-0.00204441905360806,-9.21085662039697e-06,-0.000352919150096167,0.00136942976174506,-0.000135203280108208,-0.00198675945620515,-0.00802578835301487,-0.000211901142130378,-0.000937635251341863,-0.00080245540137235,-0.000539651232395919,-0.000435743403373847,-0.000496957054250977,0,0.000197677102865166,0.00346103972262436,-0.000635340132180517,-0.00160041382627823,-0.00389453360381291,-0.00381583605666921,0,-3.27666579425085e-05,0.00205632389994409,0,-0.00257874226585099,6.63651662364243e-05,-1.9838928581251e-05,-0.000328294274525257,0.00142868808903391,0.000350352032677274,-0.0064572191293491,-0.00129382910904979,0,-0.00150313566505072,-0.000240323537165844,-0.000890962070250829,-0.0011232931032004,0.00121299316820724,-0.00280937883642504,-0.00591442953852481,-0.00152599468973806,0.000425916998119212,-0.00650196468430156,-0.000779124953674931,-0.00150574554406794,-0.000314804898772918,0.00037984407194012,-0.000683340259369939,-0.00155068873318102,-0.00146494015073677,0,0.00106678072687694,-0.000781861624651862,0.000303532006120147,0,-0.00509941049967866,-0.00487372489317315,0.00024821767764259,-1.86882540195243e-06,0,0.00213272390006513,-0.0052209086105626,-0.00118061858483393,0,-0.000181368697472264,-0.00201352066243323,0.00168124466740402,0.00323176269265804,-0.00412177822445168,-0.00407216768067311,-0.000327999214172883,0.000501120200120326,0.000387952096872154,-0.00137163730749359,-0.000932113687336984,0.00110765037044394,-0.00141345646519424,-0.00272147879598045,0.00172598501668657,9.66198287923075e-05,0,-0.00963126385842499,-0.00388849785911499,0.000257791466207524,-0.000856195632051789,0,-0.000837479462337748,0.00218922774491654,5,45,11.1,0.1,0.0271665595592324,0.859395924230526,0.959370452745787,-0.0178896920657984,0.628581063962482,0.948120868324578,0.0361625381977287,0.554788663461807,0.948062262650503,0.0235205126640657,0.566633806440996,0.938553492593968,0.072
"22","Alicyclobacillus (RSV3926)",-0.000249983977293102,0.000687272413093732,-0.00263171574713707,0,0,-0.000790416531882551,-0.00398299371185424,0,0,0,0,-0.00188240163521293,-0.00285216123436427,0,0.0017769038989121,0.00296704942992906,0,-0.00775564442410663,0,-0.00708671565478822,0.00228806270804469,0.000820689841846544,-0.00268947417276567,0,0,-0.00100173896875416,-0.000965437205575228,0.00228632967455676,9.23028172046543e-05,0,-0.000927086652909475,0,0,0,-0.00422374548344047,0.00114931114544843,0,-0.00583869085084957,-0.00256050108430273,-0.00140617818823699,-0.00192726745415232,0,0,-0.0031236161696328,0.00134748780221969,0,0,-0.00232919080470183,-0.00793877966425249,0.00283257483234,0,-0.0055237503819073,0.00245206715472358,0,-0.00276641303255253,0,0,-0.00231095121891258,-0.00268887720135127,0,-0.00160047410603412,0,0,-0.00171004079568333,0.00390802587859634,0.000249732286772597,0,-0.00206964974044449,-0.00154875695276314,0,-0.000677574613585707,0,-0.00199576362984148,0,0.00241736573081441,0.00291988593480982,-0.00127391912938849,0,-0.00162961740981268,0.000999026407141841,0,-0.00192759057636485,-0.00222224945153373,0.000341398870638722,-0.00314733374981626,0,1.01506105108586e-18,-0.00113844571465167,0,-0.00154923628194238,0,-0.00342410414029769,-0.00111650884242665,-0.00193206315111214,0,0,0,-0.000286515689708779,-0.00328719854863374,-0.0100889484347121,-0.000849359313773228,0.00334402380850607,3,45,6.7,0,-0.117156121187674,0.443416557608627,0.912020214324925,-0.0431357223174186,0.592881474582788,0.945920021398558,-0.0470551542496009,0.555053069199373,0.942093420107225,-0.0324197388938163,0.55008343978628,0.929896919269998,0.016
"64","Escherichia/Shigella (RSV1587)",0,0,0,0,-0.00536328093378287,0.000353779125317274,0.000809225770159272,0,-0.000376490719486082,-0.00101357482996107,-0.000131057854189355,0,0,-0.00203405018930599,-0.000874247461765064,-0.00895403774684288,-0.000797478134273331,0,-0.00119468059253445,0.000917816492740179,0.000449772577486169,-0.00258948588384671,0,1.29434980717655e-05,0,-0.00413391243341495,0,-0.00124173982964524,0,0,0,-0.00133392138415029,-0.00219394420504086,0,-0.0062686737244878,-0.00117261950632806,0,0.00134358077195307,-0.000941929209385274,-0.000541190236680437,0,0.000717407039478348,-0.00240067328344499,0.00173267146847607,-0.00097648623372106,0,0.000499817262273469,0,0,-0.000634336284254196,-0.000499418954120535,-0.0041702910233605,0,-0.000367356135570463,0,-0.00169266052547621,0.000120937147271285,-0.00390196100839082,0,-0.00141487179289146,-0.00166541567260246,0,0,-0.000737646127164694,-0.000935100684905572,0,-0.00242282578515965,2.46710961251969e-05,-0.000668633425148879,0,0,-0.000411849540558543,-0.00306572893243232,0.00138771034633064,0,0,-0.00100937746180349,-0.00158786053608501,-0.00210044223294085,0,0,0.00183002612070811,0.00153554758983293,0,0.00076106744445414,-0.00272671888343517,0,0,-0.000448246129635706,-0.000176071043440742,0,0,-0.000912393885188902,0,-0.000660539594281405,0,-0.00175045100311101,0,-0.00140230802999879,0,-0.000858974444148868,0.00179926809479594,3,45,6.7,0.6,0.0351925409549451,0.818475299866871,0.959370452745787,0.0363329962636249,0.600570802544569,0.946474311117314,0.00667598668333723,0.550054886033775,0.946720636246208,0.00518462913562738,0.55550390845258,0.937470781466689,0.603
"190","Veillonella (RSV207)",0.000966169555220946,0,-0.000786604558883303,-0.00399058254044943,-0.00616979292082693,-0.00198809487151661,0,7.68792282816811e-05,-0.000663956858795938,0.000222711436799366,-0.00265421615214299,-0.000145947441050742,-0.00537150528037302,0.00075482703085455,-0.000169127427289522,0.00398992596082439,0.000864812180673852,0,-0.00640916804933251,-0.00326404238041948,0,0.000648423514384104,-0.000760680597356585,0,0.00502535010167626,0,-0.00576920761738536,-0.00306021020755304,-0.00164317719845506,0.000307669929161393,0,-0.000853955546871839,-0.00296794299285826,0.00211605942789611,-0.00459233873796741,0,-0.000792246026486389,-0.00366750261025346,0.00926877956607873,-0.00095074153904933,-0.00256743024251077,-0.00032760795646513,0,-0.000273288447455373,0,0.00153018818967101,0,-0.00179104077244012,0.00227317490817933,-0.00274624222391689,0.0114518615227801,0.00102290557806013,0.00137558634005887,-0.000951984655423088,-0.00441947674045815,0.00179124627129447,0.00230650360687964,-0.00273979611485582,-0.0123881257678768,-0.00403003192856278,-0.00188458383969215,-0.000519833855948288,-0.000776085292325353,0,-0.000506055394822181,0,0.000642698159125568,0.000121640231438917,0.00315920413223569,0.00158575617937077,0.00257911510413043,0,-0.000663060227243898,0.00483492248159052,0.00136016168961751,0.00139274641859359,0,0.000857532251890953,-0.000655096192071509,-0.000963373663177607,0.00125428650995077,0.000382733950936692,-0.00398128995635418,-0.000195715385270896,0,0.000274245487209682,-0.00204767937747693,-0.000574800688731567,-0.00246813415066985,0.000439412999297611,-0.00480606253980527,0.000476146818099222,-1.3740034090763e-05,-0.00124027230615567,0.00143276041393613,0.000318417322480484,0.000958234349361383,-0.000589735123990842,-0.00273771949931429,-0.00282665515320776,-0.00101320276799195,0.00266269255379152,5,45,11.1,0,0.0160584552061241,0.916614889929243,0.966430916555832,-0.0362154644917861,0.63176311957663,0.950557159615758,-0.0682165393325122,0.517836495034242,0.943940084311825,-0.0446858127024957,0.521805759496257,0.929519583569251,0.042
"137","Sphingobium (RSV662)",-0.00284641742085039,-0.00594791245264671,0,0,0,-0.00626950517969552,-0.000674355899542185,-0.00374474107564333,0,0.00112284563512131,-0.00693670750517409,0,-0.00349225228788138,0,0,-0.0105699840799103,-0.00126394198757447,-0.0016889836228323,0,0,-0.00195280845295189,0,-0.00256672175286207,0,0.00114435872876486,-0.00409662038475436,0,0,-0.00552469076934423,-0.00082086381333038,-0.00918086093602113,-0.000485210450541831,-0.0035290969392342,0,0,0.000955064366263987,-0.00228309831419429,-0.00344184370953115,0,0.00283989365916037,0.00162283930529351,0,0,-0.000762018175125907,0,0,-0.00430186456288438,0,0,0.00177382826303375,-0.00284786236674134,-1.91928245388784e-06,0,0,-0.0020603206742028,2.12579410632191e-05,-0.002972130841379,0,0,-0.00441456968941622,-0.00842819281963649,0,-0.00255617853356844,-0.00228906631164659,0,0,0,0,-0.00124278209145279,-0.000810211611623799,-0.000288828766761619,0,0,-0.00389439025805397,0.00105313832991852,0,0,-0.00572728968912305,0,-0.00401064892236369,0,-0.00118140532996014,-0.00150845987897036,0,-0.00132053575792187,-0.00473989016808147,0,0,-0.00370378387234547,-0.0110588908009048,0,0.00761413490325509,0,0,-0.00249808734442693,0,-0.00731570872811591,-0.00525543875152039,0,-0.00127516335666543,-0.00101676136774286,0.00296712782390083,3,45,6.7,0.1,0.187998249083992,0.216196699758724,0.887252984643779,0.186568623754451,0.300057422871034,0.855241419494005,0.0812740898477704,0.510225044489815,0.916186939082377,0.057710612726145,0.492876175334329,0.906475590828107,0.157
"109","Peptoniphilus (RSV862)",-0.00300830494151765,0.00022174318517328,0.00023001930766627,-0.00102683649542283,0.000441629298314149,0.00062096784973832,-7.64826198224549e-05,0,0.00130808456354871,-0.00500493687658051,-0.00262227976462949,0.000868871829674092,-4.82572971730633e-05,-3.75666990635728e-05,-0.000581357070773308,0.000118254651235406,0.00163774823682499,-0.000319666790831012,-0.00417380981661018,0.000117974864767175,0.000437886363079267,-0.00119976211313659,-6.53624982703401e-06,-0.000305059169583832,-0.000274845779899272,-0.000798873930932065,-8.64963880692878e-05,0,0.00183016212909575,-0.00510281730490524,-0.00108919742623214,0.000390821606858595,3.81088626472989e-06,-0.000402051808442747,-0.0032596507517436,-0.000835507140385477,-8.92585638694188e-05,-0.000646177444769331,0.000481228676691046,-0.00137288008792214,0.000656927895492894,0.000887509861720949,-7.3441840857749e-05,-0.00268342262798486,0.00181001027251389,-0.000144735175750012,-5.58370679686426e-06,-0.00212609435623037,0.000344950561939833,-0.00350465847950821,-0.00126854913021381,-0.000158511878898233,0.00137046867867553,0.000373989121751111,-0.00159009266914907,0,0.00108637718320739,-0.0023913232449106,0.000299951076789935,-0.00124475521975493,-0.0048413586084792,-0.00294678607289525,-0.000108718183256208,0,0,0.000484882007519351,-0.00434665263023897,-0.000209808633143218,-0.000430065748362874,4.3975050709211e-05,0.00477951537517086,-0.000237035201193655,-0.00346077770545273,-0.00211337153456219,-0.000660354751970287,0.000403958107394569,-0.000862422324467585,-0.000274649998040506,-0.000966719723016129,-0.00097725821124848,-0.00108750592322745,-0.0035500403991094,-0.00131508739345491,-0.0017324339853309,0.00132519909500047,-0.00141125412740581,0.000294818876161334,0.00118647015125207,0.003776829969125,-0.0013424097226712,-0.00457431472605006,-0.00252948936329085,0.000273955394376689,0.000876292647067277,0,0.00194040851653177,-0.00234925107471182,0.000149260157046287,-0.00258220177670643,0,-0.00105886141724107,0.0018692077113736,5,45,11.1,0,-0.0929802898241664,0.543520996237959,0.959370452745787,-0.00290743890398547,0.630246910449633,0.951572980404989,-0.00349910234952402,0.633945722853931,0.952780752231523,-0.00267134854853972,0.641338633542235,0.941973757616779,0.013
"27","Bacteroides (RSV36)",0.000105520500670152,0.000678396375112806,-0.000741406957741165,-0.00471405685584965,0,-0.000866755207844823,0.000272996155550135,0,-0.000768584595218041,-0.00208734177057843,-0.00114028204994744,-0.0003996522741417,-0.000625896419328125,0,-0.000863935609593743,-3.33270356418162e-05,0,0.000758849400109637,-0.00253854055158522,-0.00286293881713757,0.00102029555708811,-0.004881791574067,-7.72828946095672e-06,-9.36647472933172e-05,0,0,-0.000784386762671966,-6.75686271084395e-05,-0.000486899326963312,0,-0.000435292981739014,-0.000741185408075224,0,-5.98951935329483e-05,-0.000536294196629563,-0.000651033919540744,-0.00321820117297667,6.70144555127834e-05,0,-0.000746450495713469,-0.00186942265216997,-0.000896724250005658,-0.000752434027606565,0,-0.000431415665271685,0,-0.00158337691962305,-0.000968022446310354,-0.000146126856804301,-0.000438966700457985,0,-0.00192768813176133,-0.000880691604599729,-0.000567687735357268,-0.00380274505490576,0,0,0,0,-0.00187613147568677,0,0,-7.27669080136528e-05,0,0,0.00145609988408711,0,-0.000892911158489755,0.000634424471354955,-0.000580577809469862,0.000404476631129584,0,-0.000199757895292514,0,-8.53979982652755e-05,-0.000358575884302061,-0.00233553921300996,-0.00147746290958487,0,-0.00409932944510253,-0.000837272226710408,0,0.0012392924010708,0,-0.000378810558259611,-0.00177451930888316,0,0.000734877363426603,-5.31663781946419e-05,-0.000912343761003827,0,-0.00496631731085234,0.00216322334181195,-0.000838209004986434,-0.00157374099285297,2.24992064667562e-05,0,0,-0.00177493564186788,-8.40179179384393e-05,-0.00106802191344337,0.00126281195935816,3,45,6.7,0,0.0297079891178108,0.846393618510448,0.959370452745787,0.0275526091393857,0.594778972303047,0.945934590046568,0.0107701114388703,0.558458393963115,0.944005536843165,0.00733435341137532,0.552119869824102,0.932104870391973,0.017
"76","Gordonia (RSV1803)",0,-0.00248302396743017,0.00154419832673531,0,0,-0.00111753378356658,-0.00351885888037643,-0.00251308072941271,0,0,0,-0.00239893238585509,-0.00223518337588291,-0.00881608304120753,0.00155716677807332,-0.0038205776381324,-0.00187673308865209,-0.00147685056041635,0,0.00158544692848651,0,0,-0.00418216768489404,0,0,0.00292306934403349,-0.00457110456077074,0.000978540367028824,-0.00131845111305636,0,-0.00394561053922967,-0.00169808631028638,0,-0.00137393180763738,-0.00571684028990031,-0.00325024413883311,0,-0.00167747437273005,-0.00131092123821289,-0.00395171511136594,-0.00377769618008037,-0.000931067925799855,0,-0.00104922950479938,-0.000414839480147505,0,0,-0.0107696522930236,-0.000917876329783884,0.00168152142990793,-0.00253587488976847,0.000804003368440563,-0.00272010241052239,0,-0.003881608939922,0,0.00897131555186346,-0.00195154804793204,0.000751648844698404,0,-0.00439516815119414,-0.00439911250306945,0,0,0.000711634177337723,0,0,-0.00498069733348753,-0.00134249315286751,-0.00400827010978657,3.43944889175197e-05,0,0.00450950538100752,0,-0.00129063079396929,0,-0.00473290198752054,0,0,0.00240588415055737,0,0.0014898272186389,-0.00144554302555742,0,-0.00239443539975112,-0.00139687170693754,-0.00293272779033493,0,0,-0.002806716486644,0,0.000708215468883351,0,0.00220198514245139,0,0,0,-0.0023892130242687,0,-0.00621882387192879,-0.00113711135095263,0.00253142546366535,3,45,6.7,0,-0.0207194180513962,0.892538122278786,0.960057066525305,0.00534312761214745,0.552002646287468,0.942369712382232,-0.00296172917316287,0.544519990405958,0.943993643067063,-0.00312974563675067,0.530048363517687,0.928578901384654,0.004
"89","Klebsiella (RSV29)",-0.000473827985296932,-0.000313668627349684,-0.00459728994748601,-0.00154991633827704,0.00103370151276513,0,-0.00108993831766138,0,0,-0.00720977721992312,0.000415365414233451,-0.00118555215136199,0,1.30897490437775e-05,0.000420017083430193,0.00105861904504125,0.00113022674580169,0.00384230606937877,-0.00220602007621847,0,0,0.000506587728758074,-0.00307343174784597,0.00152729269225472,0,0.00104629703395993,0,0.000845822713704759,-0.00062935564419548,-0.00058018673809897,-0.00117069555052744,0.0010374694405773,0,-0.00178076098628102,-0.00111443029650526,0,-0.00133887199655781,-0.00375157274575914,0.000652420912958744,-0.0018515986719696,-0.00160463852930203,-0.00126464843475997,0.000707744272940885,0,-0.000454465752264537,-0.00106811727142504,0,-0.000982664830453063,0,0.000165985939965477,0.00029290098214081,0.00046580392038073,3.00046270187253e-05,-0.00844607263976575,0,-0.000224688319847701,0,0.00104685648362876,0.00165794947073934,-0.000636699562635152,-2.40085084303538e-05,0.000430170413152253,5.8662129734176e-05,-0.00114739104588356,-0.00544170358517187,0,-0.00213541699136066,0,0,-0.00165123983030804,0,0.000201796305407369,-0.000492171750840502,-0.000739494763259152,-0.00222760747856219,-3.78438165575972e-05,-0.00301654379484304,-0.000952448919048952,0,-0.00242084456476969,-0.00125895818003529,0.000377094210676506,-0.00032230495069141,0,0.000764543813327141,0.00130873779830401,0,0,-0.00321186420809842,-0.00170174261984184,0,-0.00489457843135916,-0.000863547902691349,-0.000586575042416443,0,0.000931418504417901,-0.00763992865807925,-0.000481771840519334,0,-0.00029188615842295,-0.00115989670644926,0.00203511549378568,4,45,8.9,0,0.113966798830465,0.456010107162462,0.912020214324925,0.0492394431681939,0.577279017950413,0.935281779995381,0.0471158918308371,0.552596350419084,0.941713059968603,0.0333049194779478,0.552564315637214,0.934372609302779,0.004
"192","Veillonella (RSV22)",-0.00430360873447053,0,-0.00784676634742216,0.00620626066332193,-6.38159920869108e-05,-0.00510794158532841,-0.00273042340342292,-0.000663671885792441,-0.000632745571386,-0.00290170375870663,0.000743128593691399,-0.00548078405003088,-0.000455052924032922,-0.00227103783373265,-0.000578316329304472,-0.000480452380680436,0.000745941310347574,-0.0110889598294982,-0.00816811710447332,-0.00131303678742588,0.00420734879182821,0.000379418138690005,0.0041542424733776,-0.00249136808217482,-0.00520785010360094,0.00341109302157022,-0.00108855128497365,0.0095091957608923,-0.00014125511360205,-0.00418276400660953,-0.00800692281121414,-0.000862618076417618,-0.00716412385301041,-0.00207556323874876,3.9736967604763e-05,-0.00582637565449351,-0.0107538445442705,0.00264476577432392,-0.000953126186414435,-0.000860166551346489,-0.00269334094100431,0.000729800060409371,-0.00383839410989657,-0.000635665578251552,-0.00358352405320875,-0.000419991824467571,-0.00698277426200225,-4.89631528022111e-05,-0.00181769364042105,-0.00429039294575764,-0.00120886399063051,-0.00921401013689936,0.000448101727474874,-0.0017395723792564,0.00977364317935523,0.000398059345708495,-0.000457072847953557,-0.00158266316962008,-0.00216754372425647,-0.00807145719119928,-0.00345398027904447,-0.000678211098698991,0.000140108407976268,0.000476344923648256,-0.00328822665466332,0.00146029924382818,-0.00688932529730521,0.00295410503228049,-0.0068071640847761,0.00904135145320082,-0.000799328904686015,-0.000314073107840715,0.00280019284049085,-0.00420364778585509,-0.00347514403381952,-4.61155889855675e-05,-0.00390509148165339,-0.00519500242122595,-0.00568964247706484,-0.00241702773741567,-0.0043097193084996,0.00522670644412363,0.000790888428810537,0.00124724791779825,-0.00140114381222241,-0.00264432538110858,0.00408322491641059,-0.000762570001431167,-0.0019057690246079,-0.000147566523286721,-0.00443917752539972,-0.000494074111126105,0.00109687630046529,0.00273923092564849,0.00366389286911755,-0.00175771124034791,0.00534985074935349,-0.00609568337895693,-0.000959963383824534,-0.00432016735006386,-0.00117918396807198,0.00437999852134038,7,45,15.6,0,0.115823976013422,0.448653281523004,0.912020214324925,0.0760282894493401,0.563913428532292,0.94290036525618,0.066161756075775,0.510503857507952,0.937942073150499,0.0493330107691861,0.502119423930681,0.922791439676479,0.046
"189","Veillonella (RSV20)",0.00430638350969214,0.0013206124557568,0.000786140225538759,0.00208211784178967,0.000651713957916362,0,0.00375384988653165,-0.00223799066739173,0.00339655269418361,-0.00152094996255623,5.6647892485002e-05,0.00967108042297241,0.00023806767170105,0.00866323479555933,0.00298324993591619,0.000230166551199881,-0.00278829292207445,-0.00601468348853473,0.00139084424151479,0.00729157875444007,-0.00181304753728413,-0.0017402487604452,0.000862264409457368,-0.0023736901634992,-0.00197453190449793,0.00022447872464829,-0.000201016173462611,-0.004883304047998,-0.000509812798706186,-0.00287982903330071,0.000154246788289872,0.00134961052740383,-0.00287549657418178,0.00295863375650681,-0.00716246966878617,0.000178324742927393,-0.00758460530651212,-0.00257693909663544,0,-0.0002137174710807,-0.00127901863854159,-0.000846303495394052,-0.003512275824996,0.002418655113928,-0.000614898762038393,-0.000361018030387091,0.0004825332090956,0.00550998858052191,-0.00359898874404728,0.00306122817908215,0.00585943146505215,-0.00320235727255489,-0.00021206108252291,0.00286780849925498,-0.000701703826098476,-0.00140261896102318,-0.000632098477352626,-0.000347965432753966,0.00539040517412128,-0.00658697255222508,0.00400921301936297,0.0040455937381446,-0.00432293242757313,-0.00100297075419918,0.000212064654115321,-0.00239304571769242,0.00156403401225827,0,-0.0063729014777562,0.00163282360521937,-0.0121060615044053,0.00173061678455771,0.00168518972908964,0.000807596045807376,-0.000469555715931546,0,0.00107490065990385,-0.00276328169009744,7.57056230221774e-05,-0.00610382138701974,0.000824001847409774,-0.000831354409567917,0.00042366308973248,0.00400841010600174,-0.00642452910337969,-0.00380671681117468,-0.000820233328634958,-0.000410419256720885,0.00815472825614984,-0.00516961501422717,0.00370431823552862,0.00263802795680452,0.00313339984051683,0.000151589891926857,0.00087330412038137,-0.00018496265401842,0,4.54076221682193e-05,-0.00388241812106424,-0.00131145346909537,-0.00122140423315832,0.00371913454577774,6,45,13.3,0,0.0977966491614076,0.522749006132698,0.959370452745787,0.109968884435421,0.465823056410037,0.909890489097114,0.0592428190674928,0.531928589821833,0.938183727819407,0.0452232437714327,0.526925982136703,0.926940955858938,0.015
"10","Acinetobacter (RSV293)",0.00282673565770303,0.00684670839708522,0.00169961918978554,0.0190364916172606,-0.0037602952987047,-0.014854636901258,-0.00275994400710952,-0.00854929767989237,0.00482625459582813,-0.00314588940516623,-0.0247983609416234,-0.00525467443700387,0.0113097590743716,0.000789377781021717,-0.000436331441290942,-0.00535122397640352,0.00443073579729977,-0.00168808991575617,0.000852173819279063,0.0110866521076325,0.00475964602122966,5.58342284118862e-05,-0.00377305454917794,0.000686649326097402,0.00421894576060637,-0.00537953153343937,0.00488027649488636,3.00330767397041e-05,-0.00347408363879174,-0.00404968143555358,0.00254775612166978,-0.00340772501926247,-0.00135949822472053,0.00301492270492397,-0.00421220270731815,-0.00196645967728983,0.000948745298648435,-0.000473912868060981,0.00441514706286767,0.00287302650490071,-0.000623460383564574,-0.00170950282302988,-0.00610819784142587,-0.00749623889569348,0.00106151558903908,-0.00366573753899424,-0.00739996426900758,-0.000181109967477952,0.00297714026346477,0.00830181700357398,0.00640398015069888,0.000852776779955468,0.00204180851311654,-0.00268120552896844,-0.00184686192616227,0.00333269969678989,-0.00722167432412864,-0.0022647149145047,0.00118796960315222,-0.0122933384655635,-0.00426978141371796,-0.00163145007821651,0.00482547468688131,0.00190226809827119,0.000647699212787451,-0.00420411165146728,0.00627051291747597,0.00131203989231555,0.00469439789795995,-0.00257259705276816,-0.00110535606349609,0.00163663429888891,-0.0140335132066673,-0.00777415102147055,-0.00205752004973833,0.00103599745607266,0.00226043563108536,-0.00235756438049796,0.000553580144509124,-0.00420955895341865,-0.0020138708002872,0.00407470272511262,0.00206522836191919,0.000110612950637343,-0.00199031232535685,-0.0108521783954173,0.00733957251861512,0.00151639885038138,0.00192612540964153,-0.00193350961259962,0.0274805461867044,-0.00134425074599331,-0.00817060357499634,0.00802249718686082,-0.00470586849927393,-0.00933289260944312,-0.00154278848350309,-0.000212886675174512,-0.00123752820528458,-0.00555524863309229,-0.00122897798137335,0.00508563862052479,10,45,22.2,0.7,-0.170739893065477,0.262123657015977,0.887252984643779,-0.134224162712053,0.424994787313601,0.928485039025087,-0.096555253506592,0.518572553671671,0.948140453072263,-0.0689176311930956,0.508947697449204,0.936255591774601,0.739
"44","Corynebacterium_1 (RSV656)",0.00115583879452118,-0.00851760110866877,0.000939971480808926,0.000966862892187197,0.00100787430086505,-0.00249785374297988,0.00621265889467822,-0.00231294509984942,0,-0.00478436261825715,-0.00208507390998071,0.000182615372083472,0.000142068045960229,-0.00612322320982896,-0.00104918168430326,0,-0.00106560566405405,-0.00161954740436361,0.000207474043850426,0.000496986199527479,0.00651346276783162,-0.0037921879590863,-0.00389220477611286,0.00344273901333748,-0.000840868281313413,-0.000583645490473517,-0.00357400372822853,-0.00555910767223682,0.00635086221921602,-0.000767985648532768,-0.00395924639355684,-0.00363584079060683,-0.00732269332467199,0.00328434264754005,0.00443845644966931,-0.000549060955148612,0.00704684359784941,0.00148174013454421,-0.000985612222625486,-0.00399572836004022,0.00290442821276054,-0.00229784566008308,-0.00288934304580198,0,-0.00181132888950986,0.000594436378791544,-0.000909520079236284,-0.00230954336452564,0.000920483799445348,-0.00491943732327498,0.00253882620329474,-0.00316589447403522,0.000507679678292275,0.00170117030762684,0.00122826790848985,0.00503120115321531,-0.00435931019477518,0.000710539314594715,-0.00119446160947299,0.000143362286663352,0.0028523694682001,0.00550181626914202,-0.00291029466801132,-0.00213595439483609,0.00350111594972069,0.00754091676194676,-0.00473286561167726,-0.00217827410002184,-0.00239596337495441,-0.00078478782649719,-0.000267084476071023,-0.00216498215122062,-0.00701689263022257,0,-0.00269990516839666,0.00514668092058652,-0.000423272460947136,-0.00437806189405117,0.00598474171286211,-0.00751539034434395,-0.00311372705215502,0.00121732022445555,0.0108868859952334,0.00197467782545183,0.000484524062493281,-0.00364628730391929,0,0.00703059749133319,-0.00616454179259279,0.00183017771678073,0.00170224735877822,0.00405780001213617,0.00156618268516175,0.00185511578613848,-0.00581653232219514,0.00211128926552413,0.00322702442709535,0.00248463906879492,-0.00034391310705895,-0.00359869142281963,-0.00127267175076372,0.00312750654011189,4,45,8.9,0.3,0.0469746056069364,0.759287142555319,0.959370452745787,0.0396474718749409,0.645140635432983,0.952617340663538,0.0217687608952736,0.548270849630289,0.937465449230423,0.0107328145825945,0.555092510027195,0.927030833769074,0.29
"54","Dermacoccus (RSV154)",-0.00904072926176606,-0.00709416374927378,0.0240913522825071,0.00201453009181642,-0.0203002252617593,-0.00126086843820935,-0.0133091280912463,-0.0147856440384348,-0.0154973190331839,0.0180334967681435,-0.00604113029338125,0.0119181562588526,-0.00235448614405919,-0.0135091180029494,-0.00460536534292879,-0.0074968997478057,0.00179483205115878,0.00420070373460366,0.0266640642921376,-0.00615592296231949,-0.00765914294724806,-0.0101139183038898,-0.00236873576747654,-0.00693488611788752,0.0104214127983173,0.0101995898220775,0.0132357724114019,-0.0136576335838349,-0.00331637797044426,-0.00334385911138357,0.0271915051176676,-0.00453920728777703,-0.00871242466843423,-0.0093286930449207,-0.00874167295406489,-0.000392082193416343,-0.0122860723083282,-0.00592186528194641,-0.0094784746829653,0.00409509449718454,0.002227223640849,-0.00601884512412491,0.00445602379182358,0.00278160149498196,-0.00379566851756277,-0.0193058710097595,-0.0161180708191932,-0.00662100557029328,2.32944307601556e-05,0.0155503092337485,-0.0180512965848116,-0.00785867108212004,-0.00426731543856807,-0.00371904294258258,-0.0077747023120665,-0.00416884736831678,-0.0193006281896868,-0.00360517756606307,0.0037889273507245,-0.00930478733870468,0.00435595668410357,-0.0219335004783516,-0.00304511624421228,-0.0201725866435585,0.00573293807826471,0.00608365537857476,-0.0086398849408074,-0.0109978264527192,-0.00326559993788014,0.00153029654013688,0.00275625744581827,0.00656714637330686,-0.00481253451535267,-0.00338901842144136,0.00400779792502621,-0.00347886422301362,-0.00925398962491459,-0.0015606844703131,-0.0107319974261607,-0.00734458288704351,-0.00556118580183972,0.0369881441019275,-0.00443826383668413,-0.000799025655223733,-0.00336874482904596,-0.00672869650614089,-0.00549613527314048,0.00501171237269795,0.00836093181613676,0.00054477507131247,-0.00250683067022729,-0.00451600709226051,0.00954178234761574,-0.0129526581958368,-0.0114156111404145,-0.0030286796537795,-0.0113849674281913,0.00456370744781562,-0.00231109171572767,-0.000529568151648716,-0.00133822949484043,0.00924595928561705,12,45,26.7,0,-0.163849286568981,0.282153823579214,0.887252984643779,-0.152427889312146,0.365716548836432,0.90534633656949,-0.147024065711774,0.383993931670536,0.920357515414924,-0.0998673380454079,0.380162032144162,0.906203400530432,0.03
"20","Actinomyces (RSV1786)",-0.000516216705414801,-0.0117486135412659,-0.000688962121022945,0.000430254541506863,-2.39269200090073e-05,0.00252364925558409,-0.00737134647535587,0.000231363041970516,-1.69030175618709e-05,0.00119875094571219,-0.00538162687257567,-0.00420860076463717,0.00743715276693195,-0.00141981980925198,-0.00272263163252489,-0.00496684789038769,-0.00155017850623057,0.000524777493106065,-0.0126593987588093,0.00386495274763809,-0.00103740486228139,-0.00638302077876824,0.00145731784034855,-0.00297673954520489,0.00261154972491586,5.67505972449355e-05,-0.00674552765648013,-0.00524397602467009,-0.00793401318018443,-0.000738729477458698,0.00254926884366575,0,-0.0049835666267064,0.00156089735152964,-0.00515101498480333,0,-0.00423839163583185,-7.31618660751323e-05,0.00182347591417585,-0.00163754367237209,-0.0044794260521748,-0.00106463362055316,0.00242474131350266,-0.00073940159520942,-0.00645079781766911,-0.000584507682565488,0.000634018033412207,-0.00108351155590329,0.000176768634217295,-0.00472422093370268,-0.0186757632128467,-0.0256188799611896,0,-4.76846854045035e-05,0.00349814274907771,0.000842154727088672,0.000730566724500293,-0.000514759069084178,-0.00501776712376706,-0.00458470884513209,0.000749432695595178,-0.00143129691129974,-0.00140358625601187,-0.00268707004412195,-0.0118689943971328,-0.0141509430187699,-0.000959288952346881,-0.0173844646022716,-0.00352031187765724,0.00176145062626973,-0.00268962161073583,0.0100189401097976,0.000797080157733139,-0.00130975973224836,-0.00252103079994205,-0.00663413289521925,0.000466319443588885,-0.00491662284393006,-0.00173181723410084,-0.00167484530905083,-0.00651099228665157,-0.00748137209737762,-0.00172335218481325,-0.000251278634945765,0.00287162674064059,-0.00489730842099092,-0.00669435706413087,-0.00637605361721246,-0.00378583785243072,-0.00307487005380679,0.00312478965432487,-0.000441650480240001,0.00522201923312555,-0.0141877824487216,-0.0014279324410606,-0.00172781520520754,-0.0011519900097555,-0.000786279530469077,0.000599594780449463,0.00308316815397461,-0.00138558027982181,0.00398379585464977,5,45,11.1,0.1,0.0843974450306821,0.581490693639276,0.959370452745787,0.0434512933834644,0.633197262875109,0.955623070761457,0.037470969820631,0.560064793719419,0.946941396182931,0.0246111815980848,0.560101040324788,0.935211508382934,0.144
"133","Rothia (RSV323)",-0.00217486832983429,0.00864903495853037,-0.0032681596282632,-0.000255711346672936,-0.0101478925274265,-0.00047580664954198,0.00254020665651243,-0.000759296948783645,-0.00227785986090192,-0.00224660991975979,0.00128344337090315,0.000598759655782988,-0.000406344338184234,-0.00846178787408627,-0.00172454327438299,-0.00358979406148424,-0.0101053786055505,-0.0059196394029341,-0.00239787602506005,0.00662073383611325,-0.013336319811335,-0.00168734855047692,-0.00295190088105949,-0.00607103834859811,0.00406288607601576,-0.000189253647640368,1.57666729856267e-05,-0.00396971529935245,-0.00195226347386279,-0.00011442515340008,-0.000415520473269984,-0.00624004897433096,0.00517298911236123,0.00128757437287645,-0.00358815438191987,0.00229711804954312,-0.00742564005816527,0.00111680645333878,-0.00048432361478102,-0.00183079564614937,-0.00618394275467736,-0.00150797455816821,-0.00747427261048842,-0.0105038067705958,-0.000282494642912775,-0.00359247888011379,0.00167970973140447,-0.000150584268795809,0.00175346631240291,-0.000933724356384289,-0.00285392385683003,-0.000777875668669959,-0.0034841846615866,-0.00793213096690652,0.000310167275487984,-0.00620252437189551,-0.000493734649092971,-0.00166981328001875,-0.00338218330705839,0.0050102283119858,-0.000446418888710855,-0.0055496277246451,-0.00649664005781167,0.00211029531318751,0.00150503915382618,-0.00202512544399641,-0.00168991774077226,0.003211237482147,0.00446072025849712,-0.0247655883250059,-0.000561981816981476,0.00270784165022085,-0.00233298751742568,-0.00252480048134784,8.77915415166242e-05,-0.000559403093456154,-0.00752782406154394,-0.00360053642440704,-0.000614750851934869,-0.00174167142696787,-0.00316080550381392,0.0118859151072158,-0.00215446420268912,0.0016625647934996,-0.00367531107863403,-0.00258860896946679,0.000819862846499319,-0.0108802862317548,-0.00120716819721092,-0.00129584557209772,-0.00168201977609138,-0.00342316440523693,0.000172372399290615,-0.00301450512646249,-0.00287793956412751,-0.000214132298566395,0.0017027195843181,0.00272603565074521,-0.00491801725432147,0.00953256004108916,-0.0014047794816567,0.00691011490836938,8,45,17.8,0.2,0.00889621089246264,0.953749141974192,0.979995712162033,-0.0390762830113963,0.645260530407627,0.95375101297629,0.00880386092766384,0.601268648166582,0.950865274888771,0.0043626757360767,0.597417448473615,0.939951926267264,0.262
"134","Rothia (RSV483)",-0.0130557024573693,-0.0134213510126619,-0.0123950495197195,0.0330831421373094,-0.0102251100549417,0.00096637925837739,-0.000951535099720742,0.00894055921999015,0.00250763918049226,-0.00352414400313252,-0.017998394765238,0.00573670173329423,0.00109979902467219,-0.00460840155813964,-0.00255459273891515,0.00995720193376155,-0.00952344451756645,-0.00433435471669743,0.000715708456227584,0.0602268127036553,-0.0116679649290281,0.00169947868571339,0.00602034390496695,-0.0144769470838058,-0.00234606025178358,0.0270230711189572,0.00494047360063189,-0.00682576704358404,-0.0102324226883359,-0.00600980346000536,0.0116498147318839,-0.00136399339254796,0.0386702654284211,0.0144457290593055,0.000222167848288097,-0.000236402702644818,-0.00948353087361898,-0.00365292523924859,-0.00950506978359798,-0.00421237645138466,0.00778940433501195,-0.00494307339399196,0.0189315384213052,0.0188092843805431,-0.00527262937102157,0.00264690749144973,0.0177246013481153,-0.0120507476374499,-0.0128138653325966,0.0119426626849968,-0.00578067350371722,-0.00623523332449424,0.0115826019856332,0.0126300443672464,-0.00025449464867929,-0.00383742953553061,0.00363669280844529,0.0290969017905866,-0.00981892486145817,-0.0130766401645737,-0.000437395395108258,-0.0236469132444393,-0.00883409482057805,-0.00380773739494056,-0.0198719199229904,-0.0133944744252016,0.00523965963796801,-0.0051544746275704,0.00107130759595144,0.000131675506267642,0.0209771476680898,0.000282479396922814,-6.99129405387124e-05,0.0012815809231812,-0.00515346989393395,0.00500864492006716,0.00488584499534439,-0.00297876669659337,0.00481422681363356,-0.0271488140068448,-0.00436621339301768,0.0074450028254243,0.0162050481120477,-0.00717880968550961,0.00395941978105733,0.02908298699804,-0.00363531135571466,0.00814464209412883,-0.00590569660447158,-0.00882576213149658,0.00979020556196961,-0.00260562240271214,-0.00631211807524434,-0.00677801672941342,-0.00582546883041732,0.00381673897224749,0.000782367920886633,-0.000315081860167908,-0.00921064903504905,0.00670591243961652,-0.00155563174831195,0.0169119658811973,9,45,20,0.1,-0.235938895719108,0.118687174647033,0.887252984643779,-0.235444503415579,0.168345020297858,0.834437052162082,-0.178289507741017,0.304178793912189,0.889696704111788,-0.122407829348471,0.304136201844064,0.870500251541202,0.066
"12","Acinetobacter (RSV385)",7.65901317990781e-05,-0.00216382893430449,-0.0066225741985008,0,5.26459953929843e-05,-0.00300035283235305,0.00309547264695686,0.000830263966297825,0.00220890467086601,0.000982939835795608,-1.74101253667158e-05,-2.62703572897219e-05,-0.00189839839253752,-0.0038990224134885,-0.00615075713262631,0.00234850364057751,-0.0138218507370461,0.00519095405089009,0.00231270849651166,0.000348810735581124,-0.0084729086849033,-0.00379113015312127,-0.00507382013638779,-0.00183022691800962,-0.00326524456432172,-0.00207864279666444,-0.000452689904935822,-0.00640488212844015,-0.000111832949210697,-0.00371629517957727,7.44226566669135e-05,-0.00380718077031047,-0.00431258465408857,-0.00401039494104065,-0.00200902179488234,-6.36702946321935e-05,-0.0102885031797919,-0.000922977176126569,-0.000417436968729704,0.000675665674680592,-0.00463422613524349,0.0019188073234927,0.00435595793855762,-0.0043168664482663,-9.26980830066251e-05,-0.0021153861910882,-0.00328391552474456,-0.00355811761758122,-0.000628552905983548,0.000668863786628587,-0.00024600244106273,-0.000191144415090318,-0.0101153912170935,-0.00101946135887457,7.00782858829054e-05,-0.00321357097280843,0.00138729789364295,0.00215380234886077,0.000199777546029327,-0.000373560660060241,0.00149609878253804,4.60239189906177e-05,0.00527712815828567,-0.00141940076601624,-0.00454922390162503,-0.00245048811972379,-0.00203534188039973,-0.000796891807691887,0,-0.00269508631230487,-0.00507358774662504,0.000104236252739097,-0.0050880737147993,-0.00150965099626806,-0.00151054964960993,0.00595870169052153,0.00036086918943481,-0.00522233131192914,0.000431379121912207,-0.00785604764011318,-0.00134727524789536,0.000476292349818041,0.00106419822764965,-0.00036562084668845,0.000486278121274629,-0.000448426252525979,0.00374976871420667,0.000989805843185485,-0.00339337863924829,-0.00317715249304637,-0.00433458471884714,-0.0022686947220192,-0.00535964969250128,-0.00422816187915456,0.000604400888112427,-0.0016050573462913,-0.000475690252415907,0.00324684201820135,-0.00128369686483034,0,-0.00157529770439125,0.00252889824310928,8,45,17.8,0.2,-0.0432948930099849,0.77764402396918,0.959370452745787,-0.0671419343878821,0.586533907124985,0.945031221677652,-0.0314898622446573,0.610876417183869,0.951427266484268,-0.0224614573223369,0.606440609563108,0.940576431206976,0.228
"82","Haemophilus (RSV32)",-0.00832071808799745,-0.0115098185172816,0,0.0075217964407344,-0.00529232235283157,0.000325129015834766,0.00181616529264376,-0.00810972544976791,-0.00784748279526511,0.00338439383938213,0.000465098024025584,-0.018210918645373,0.00182553850283458,0.000228284341730739,-7.13212150404706e-05,-0.00321845658924452,-0.00473160890114386,0.00102575214586509,-0.0112601053738993,0.00136136590602621,0.00112588875307318,-0.00998663113009131,-0.00602254784130107,9.18557575433043e-05,-0.00830248282241541,0.00314757184223424,0.00304463658504573,0.00490273307214678,0.00054409378099116,-0.0014932044545257,-0.00476426870525133,0,0.00026364708231441,-8.70254682376246e-05,-0.0138727688114149,-0.00935076044036428,-0.00255041096309993,0,0.00379691687127215,-0.000689691195795726,-0.00411523195791456,0.00553522264651574,0,0.000126772491193706,-0.00554905586073911,-0.00131144002310427,0,-0.0188880504995785,-0.00615041314726884,-0.00464600916408993,0.00138783734164939,-0.000254157869248254,-0.0102305881119463,-0.00215455696233571,-0.0105340905320898,-0.00522496769620535,-0.000258632094757846,0.00581649870239767,-0.00361243774527458,-0.00315540666035197,-0.00320410817322624,0.000160793379911999,0.0011207240596083,-0.011975452636599,0.00213193193048993,-0.00553348301901428,0,0.00700813138486491,0,0.00284438726779856,0.003116359186143,-9.32206261062381e-05,-0.00394977202336423,-0.00418082432353387,-0.00681805787251055,0.00388077938876148,-8.40272495382592e-05,-0.00340079187803277,-0.00885092015406649,0.0137533437283876,0,-0.0115693212894888,-0.0112582642696361,-0.00865957708430574,0.00915646041529796,-0.00803101375408357,-0.00250365086265597,0.00382571909981865,0.00328785001977496,0,0.00059227692917857,-0.0145832304173106,-0.00449768811861396,0,-0.0043036963094717,0.000547452683763932,0.00399649928373701,-0.00741311880143311,-0.00763517724292802,0.00031376891776483,-0.00158912276230648,0.00640289159057229,4,45,8.9,0,0.0784689434570416,0.608396075415424,0.959370452745787,0.0938412643968797,0.525796455714844,0.934990796875613,0.0573589245986406,0.533371016302935,0.938318947969858,0.0418880097847944,0.512126364010581,0.921579851338054,0.048
"185","Veillonella (RSV116)",0.00226953577325625,-0.000179284585791382,-0.000399424230751913,-0.0122652173445985,-0.00175698645176293,-0.0023425445390634,-0.00588230222044591,0.0144221656253048,0.00433560677907087,0.00362497340985533,-0.015387227339547,-0.00139088429252771,0.00506511693265396,-0.014944980729013,-0.00479176558878151,-0.000798176191916045,-0.00098970421761444,0.0127970651029201,-0.00204175116690866,-0.00187459841374105,0.00286664367091011,0.000517135881461202,0.00104792170520988,-0.00419315658392883,-0.00458979877557929,-0.0169369902653967,-0.0103509918889926,0.00483077265063899,-0.00166200349490728,0.000471771017935564,-0.0192368568961331,-0.0153419543641975,-0.00287999774467626,-0.0128571405509255,0.00901227407521773,0.00751677754212235,-0.0104615099012884,0.00183829350628311,-0.00407607188245127,-0.00448603108593042,0.00652258856368922,0.0452758541750455,-0.00253791412223203,0.0102358937791159,0.00483810128385383,-0.0101181331072564,0.00133197845577529,-0.00238740740416748,0.00847897850637296,-0.00473923247997149,-0.00545038656421031,-0.00357760925901767,-0.0185833268648196,0.00632947155335426,-0.0150287153908875,0.0190274612126136,0.00231703924717325,0.00683025509557488,-0.0158070096934275,-0.00287056036199643,-0.00863389887793935,-0.00683811436636358,0.0141191523030455,-0.0130753829952774,-0.0104570060587953,0.0132907196290472,-0.00161571766337207,-0.000270299019539785,-0.00047448850755596,-0.00850555063910779,0.0239011326460762,0.002110197951093,-0.00651660370620615,-0.00635863525351599,7.78594897556425e-05,-0.00129919526061266,0.0033870334490805,0.00423279363074482,-0.00572145179556992,-0.00495253204705772,0.0064218863555052,0.00997499902856482,0.0118633008083783,-0.0038860673111908,0.00195241577678663,0.0178157244659001,0.00166250038634671,-0.0257697514215483,-0.00416024286450629,0.00815965523481509,-0.0128882537591887,-0.00440405876137079,0.0130474866023694,-0.0176016499978197,-0.00590731946560221,-0.00944641395782207,-0.00874188931208324,-0.00229330976479588,-0.0132033446081596,0.00952510374711912,-0.00161489713619374,0.00647014184765737,13,45,28.9,1.3,0.200034608042599,0.187679858426859,0.887252984643779,0.135782420682511,0.403440371483755,0.922950628241533,0.158537440432891,0.344950415377884,0.91260362796694,0.114488624479723,0.314720276831946,0.897522538430386,1.328
"48","Corynebacterium_1 (RSV807)",-0.00626052256290455,-0.00359860647016091,0.00668822569118055,-0.000890313662993302,-0.00210988057000214,0.000296437255120879,-0.00786634939816536,0.00316514490512659,-0.00424581861222944,-0.000726736210641106,0.00237992809712939,-0.000911699299788581,-0.00369113000393987,-0.000390173534624399,-0.00247504512333472,0.000530195492558647,-0.00583655796735037,0.00140811512644032,-0.00686306860787247,-0.00141276484568325,-0.000369258443908519,0.000452503773687164,-0.00222022843851315,0.00384922169996421,-0.00415275374135827,0,-0.00547813982834007,-0.0083254808920544,0.00334051818172009,0.00211089328937983,-0.00119574277274936,-0.0049125122150815,0.0139346794848231,-0.000619048266279928,-0.00256748052862871,0.000671898039112434,-0.000678780884934922,0.00364061358538981,0.00347402930829908,-0.000101484727904766,0.00548638071440456,0.00111787003620078,-0.00352866467358845,-0.00291727710433984,-0.00832447191279315,0.000296999467592898,0.00441496441040185,-0.0072174065160877,-0.00355069324824146,-0.00657102574162745,0.00241075896286872,-0.00099221103906782,-0.00375567521838307,0.00216358020699613,-0.00612457959527707,-0.00568253298940817,0.0170045638029976,0.0148920693728264,-0.00935127251560721,-0.0042680462995207,-0.00351885839990796,-0.00528902567316545,-0.000130256162296155,0.00673965682285874,-0.00692004130354524,0.00306084244619181,-0.00536899676032607,0,-0.00523231854756889,-0.000904027929185938,0.000670558566261025,-0.00511327914019181,-0.00221079929681636,0.0054502265569184,0.00358277625262241,0.0091485635807518,-0.0106526442167636,-0.00616543612383679,0.00473461102289528,0.00519957807286108,-0.00225696347448713,-0.00293748184573272,0.000270448589791267,-0.000921399518442642,-0.00251669298888803,0.00429869027897206,-0.00253792030626481,0.000856196279750229,-0.00346830887582952,0.0031288757075935,0.00367981645907421,0.00236998382073693,0.000420899141368089,-0.000689351847989216,-0.00103018685427769,-0.00520138403410988,-0.00098978310132292,0.00320709035860487,0.000692678133006685,0.00133896171131576,-0.00174220666694478,0.00367391269312302,7,45,15.6,0.1,0.146750366988445,0.336074409544643,0.887252984643779,0.101192819636881,0.495052062403751,0.928696159169223,0.114141356900802,0.445677712203577,0.927620571915327,0.0767578020811175,0.447469345782244,0.914227269802735,0.067
"120","Pseudomonas (RSV438)",0.00012678209254044,-0.0024660851565925,-0.00377558950014678,0.00166940037710882,0.000699703327046043,-0.00668459234959581,0.00234105843921436,0,0.000532447695147599,-0.00195060463559956,-0.00375446025711159,-0.00329977585573516,0.000260152997534447,-0.000466109762496514,-0.00205804255099177,-0.00291945994777704,-0.00284025867238126,-0.00352194091440841,-0.00432388165259032,-0.0029969419469456,-0.00276172017045352,0.000336022508872416,-0.000804806825307699,0.00107926979558177,-0.00026154442946619,0.00222932122938838,-0.0106045947267589,0.00350853536983277,0.00189619981773083,-0.00532117070806757,0.00102669456570794,0.000831929407821779,-0.00103717980843181,0.000518836904247575,0.00227070296878599,-0.00627917117187313,-0.00131693345347673,-0.00814949688169688,0.00782036505476091,-0.00509919364609089,0.000456983031926759,0.000284070040584159,-0.000474667159057944,0.00175753533361692,0.00269373945230326,-0.00351286911076902,-0.00414812521882638,-0.00609734009785725,-0.00281164579688628,0.00260756594884393,0.000906415443689847,-0.00442347292133555,0.000663157796257792,0.00218795115097501,-0.0040413560919769,-0.00807362795053433,-9.87897858805706e-05,-0.00377321242373233,-0.00150999389528421,0.00260624782077508,-0.00704439334769776,-0.00116687567738725,-0.00466971434333053,-0.000575138667347439,-0.00890656567146794,-0.000551556040122104,0.0017778048465204,0.00413692193831068,-0.002965087008322,-0.000567867447319797,-0.00483691605235966,-0.00259884234497009,-0.00428296375872615,-0.00673544216609498,-0.000447769290266298,-0.0125598597970045,-0.00608827686510501,0.000397896167831963,-0.00581414340319654,-0.0029279457393131,-6.09488417599193e-05,0.000293613752858303,-0.00410002655842611,0.0054231555864993,-0.000559713351050785,-0.00177956399319742,0.00225438201191729,0.0012891681636448,-0.00630280488005007,-0.00956524535945746,-0.00203097480970003,0.00151649221164338,0.000739921369179825,-0.00244715175803605,-0.00129517685521328,-0.00594951862881923,0,-0.00225329674594014,-0.0013092224536106,-0.000776288557447785,-0.00179487333814603,0.003496706280815,6,45,13.3,0,-0.121983398351371,0.42472526109581,0.90545824892953,-0.0829818705295445,0.553315565186978,0.935679003465237,-0.103741847652525,0.49171245936061,0.92718767864876,-0.072252865179734,0.493868961973942,0.915590534314063,0.024
"92","Kocuria (RSV566)",-0.010130268161767,-0.00704808964504729,0.00470902378638298,0.00310171132467476,-0.0028707746732328,-0.0107473301306267,0.00605553910012495,-0.00490333751613958,0.0180563287872459,-0.00470002760390563,-0.0060163158757231,0.00930845764115183,0.00184622807115413,-0.015145061699447,-0.00131833026816762,0.00413115274670573,-0.0059395135799994,-0.0106614068880677,-0.00104996799036074,0.0221783734789496,-6.93082142021283e-05,-0.0100268452392486,-0.0202917821220096,0.0165007995108446,0.00682510450251881,-0.00124875486787882,-0.00811052313826991,0.00345350802738663,-0.0108101986287845,0.00546677225934831,0.00172364896793489,-0.00522513446546976,0.00576256086388416,0.00467152057266419,-0.0100925360467127,0.00295287890802217,-0.0143386679904252,0.0001617299685009,-0.0154630871836794,-0.0257952163806868,-0.00605592731942897,-0.0169051379573725,-0.00941603246597019,0.00396475577470018,-0.0050050315002679,-0.00984027887059317,-0.0182515297958391,-0.000378051176904354,0.0182100187341039,-0.0124598218839262,-0.00542793863014242,0.00165864830872853,0.01002584387288,-0.00628211195086334,0.00337488956336359,-0.00837478469367633,0.0089487352878024,0.00998158398275468,-0.000658790790174958,-0.00437375752706008,0.020977806956522,-0.00409565554773227,-0.00621615126684971,-0.0103313012654683,-0.00359461290018584,0.00473747410927787,-0.0100340980582889,0.000966096963590682,-0.00875254131218902,0.00791644258044923,0.00555875230658373,-0.00188169485201167,0.00171454611083805,-0.0090861656340276,-0.00951825529284524,-0.0108307549224525,0.0124461453236407,-0.019658116337249,-0.0441189955691399,-0.0172639251460348,0.00293116104616207,-0.00123218677226957,0.00507948049245673,-0.00473077199010443,0.00913311006506013,-0.00345571847446686,-0.0177891326472241,0.00128765167123649,0.000442874489366565,0.0305125696882021,-0.00293927828661336,0.0440180858817365,0.00243023264594152,0.00822516128834986,-0.0205965714329505,-0.0080900876189522,-0.0136536221964132,-0.0163810852283738,0.0152945674256983,-0.00419843660258784,-0.00181900175603361,0.0134415295099912,7,45,15.6,0.2,0.168148423247619,0.269542516936852,0.887252984643779,0.122204963332428,0.442434604864659,0.921404842829274,0.106835346493455,0.484736339700254,0.92779482967171,0.0728061030448162,0.479482438960484,0.916603164228473,0.161
"136","Sphingobacterium (RSV2387)",-0.0118340658091966,-0.00159231912735928,0.000698426962350196,-0.00128469991865002,0.00185204244716281,-0.00479878803656645,-0.00858171616080098,-0.000912194282768045,0,-0.0017469515812094,0.00557251872037612,-0.000713399239252717,0,-0.00902063010730544,-0.0067166227441974,-0.00278121780956427,-0.00324477960835219,-0.0034495713663127,-0.0151210513357747,0.00178586508882655,-0.00692837884470276,0,-0.00798341857965941,-0.000756491477993281,0,0.00106680791387902,-0.00294673938733869,-0.00108450355489194,0.00229925107616828,0,-0.00134312927815642,-0.00279576779969676,0.00211237836473301,0,-0.00734121265263227,-0.00331383457390574,-0.0152021767596516,-0.00265082880535113,0.00177819149129092,-0.00777574735796355,-0.00294372537350893,-0.00343708091675858,-0.0028163290754449,0.000623817787139852,-0.00284070110972949,-0.000267692898190917,-0.00293949374545475,4.59581750328841e-05,0,-0.00237480237052876,0.00848576793943986,0.00704629699727302,0,-0.00970681008993025,0.00308652886392202,-0.00403954631173432,-0.00721963997952414,0,-0.000528864471551342,-0.0021316658097191,0,0,-0.000231194997801679,-0.00636622104774895,-0.00625984791842571,-0.0125516526721519,-0.00248921170378235,-0.00130472891235204,1.93092155319392e-05,-0.00069288588987385,-0.000642743396177415,-0.00550180164068098,-0.00682680786113046,-0.00029745169536032,-0.000507637154863215,-0.00810534361367824,0,-0.00120477871581224,-0.00294393036043164,-0.00200080577560346,0.00280056281043727,0.00219653533431131,-0.000849908020343985,0.000721084582352326,0,-0.00451984459316728,0.00669185800032389,-0.00461838375571879,-0.00730168973769548,0,-0.00657305849541475,0.000576860258911737,0.000163656415842721,0,-0.00405608170816594,-0.00843555693125183,-0.000432986919920702,0.00100804487702625,0,-0.00131247284979997,-0.00195164992614004,0.00310213980699101,4,45,8.9,0.2,-0.00827393621485813,0.956981170474352,0.979995712162033,0.0124247039139985,0.612766687911682,0.944664798412102,-0.0102028841971558,0.549529369933801,0.944295228302083,-0.00731854661523011,0.541262304214557,0.9270852960805,0.713
"35","Brevundimonas (RSV481)",0.00113492896387999,-0.0248729896370577,0.00171885134042957,0.015887666304462,-0.0127741986907441,-0.00407343204913046,0.00169274356039019,-0.00608906571087461,-0.00799909658069351,-0.00375831682987425,0.0169003239659448,-0.000589467280942898,0,-0.0136211820096109,-0.00922046201105497,-0.000200285530551266,-0.0139075912888366,0.00462072811256326,-0.0010781856282358,0.0167914658352996,2.67836175838752e-05,-0.00923674075758607,0.00118097267805603,0.00630406417402317,-0.00251196795267186,0.00735976289306812,-0.00462204704715005,-0.0152146458289247,0.00177547372816581,-0.00197021946851118,0.0138424684137893,-0.0130941230813576,-0.00164103474974368,0.00829506971967819,-0.0015953608056802,-0.00517826802661305,-0.00685796445391924,0.00195855909696756,0.000376661368912908,-0.000215910004419078,0.00387934726613551,0.00500940845522569,0.0170307624270635,-0.0110924273877963,0.0155014170256255,-0.00219498363329226,0.0130100766977254,-0.00193508162594613,-0.00674582388906041,-0.012965911443968,0.00626406421187862,-0.00204124389400255,-0.00415427478116227,-0.00414553812950862,-0.000973168485286031,0.0150107899593862,0.00745393607134518,-0.00451959567249666,-0.00161991167315372,-0.00714037254874285,-0.00621218273092525,0.00380205145079713,-0.00340071529797073,0.00496025751909047,0.00295606169778007,-0.00127120800688103,-0.00811131126536745,0.0036975919777538,0.018163448189366,-0.00454722135415758,0.0159838042581864,0,-0.0036785610247187,0.00765618375881688,-0.00601433515875876,-0.0103644833965959,-0.00350000981366541,0.00292251368310528,-0.00101558228621301,-0.00867118705549217,-0.0191863748803364,-0.0149998833829889,-0.00559893962789245,-0.00154753501210259,0.000420273564899785,-0.00754951966209099,-0.0129914146945495,-0.008735874873586,0.00530726490076521,-0.000596330009098995,0.00467239103883579,0.00402215394313167,0.0172485670671457,-0.00473444104264949,-0.0016708231772523,0.0147254844938768,0.00594861251644796,-0.000665654245814449,-0.00635647485169657,-0.00153911356069107,-0.00202478402163992,0.00754591084116628,9,45,20,0.1,-0.0379188834116112,0.804677194460209,0.959370452745787,-0.0752724165350398,0.595271501215096,0.944833300038038,-0.0486518320207429,0.619264378997197,0.95111448682443,-0.0344113952081122,0.605588250782731,0.939214276687457,0.118
"117","Pseudomonas (RSV235)",-0.00153716720826772,-0.000869535172983945,-0.0070995040078777,-0.00145536695398765,-0.000978253643130747,-6.69691844355139e-05,0,-0.000109594745119125,-6.06351050517345e-08,0.00179062668251766,0,0,-0.0115505431652358,-0.000772517749311535,0,-0.000294747352907438,-0.000882321590373969,-0.00837498926724928,7.5070130223742e-05,-0.00274328557239107,2.69900380499226e-05,-2.61864033996343e-05,0,-0.00626917365382135,-0.000465005686009716,0.00373281345422878,0.00101287723157481,0,-0.00181932568548021,0,-0.00455170268072221,-0.00189863545503594,-0.00700423750695008,-5.43905534152603e-05,-0.00595291333778507,-0.00209158660422941,-0.000467819818345979,0.000144855770104668,-0.00159463272352172,-0.000492264654258078,-0.000659916930806374,-0.00435954964711784,0,-0.00595077680894684,0.000271012921756868,-0.00412871643622358,7.02359751418204e-06,-0.000769107261379377,0.002093108830116,0.000191977065895136,-0.000352046325123436,-0.00024862976105992,0,-0.00085155098916438,-3.12688911767651e-05,-0.000574800921850954,0,-0.000158019646655524,-0.000165237156679069,-0.00269191366348832,-0.00678517945800866,-0.000152798412521602,-0.00455027137719521,0.000113788646902151,-0.0032862103071787,-0.00308110858703918,0.00169693845708697,0,-0.000972387985498335,-0.00141579303600458,-0.00512133054519225,-0.0005362012517049,-0.000649607424881178,-0.00596810871170131,-0.00936104578082158,4.90012305255101e-05,-0.00161621248054064,-0.00152804341872378,-0.000252921732082139,-0.00925614479010729,-2.53342875659709e-05,0,0.00149436815752865,-0.000601274972129355,-0.00355034869333918,0.00159899874178303,0.000616491602700583,-0.00287159198773829,0.00127358041550612,-0.00279341641440399,-0.00239564406100108,-0.00563039166956199,-0.00344192985269752,-0.000434883581282618,-9.11527419352372e-08,0,-0.00618750275129462,-0.000375475476003191,0,-0.000935045246361218,-0.00208496920995143,0.00303828139723202,5,45,11.1,0.3,-0.013281429117847,0.930996503984719,0.976288225800192,-0.0385406329101717,0.631054198086993,0.952463082924603,-0.0173400647176765,0.574337417313027,0.947500677653329,-0.0107328145825945,0.552151707139217,0.93538536913001,0.329
"58","Enhydrobacter (RSV69)",-0.0196727948869205,-0.022036884913358,0.112667898973249,0.0467345165239987,0.0322728006307159,-0.00940460809705495,0.0393594318304845,0.00289310455960411,0.11741298333892,-0.0099143317764416,-0.0257414707930741,-0.0209469132482526,0.0812865335287535,0.00991747391915444,0.00131722751468336,-0.0399090883815462,0.017460468970743,0.0145028768892438,-0.0320216348356214,0.0446097460798839,-0.00915417557928784,-0.0223600080517627,-0.0119755451824277,0.0846379527403996,0.0187462331852181,-0.00273115310792883,0.00145212526642465,-0.0132717777379823,-0.0101135875132849,0.0273761023601264,0.0169876866370391,-0.00847859522882497,-0.0140635242629096,0.10693657795945,-0.0431515229785327,-0.0316339154279191,0.00884408815319617,0.0104625378724932,0.0139199662478029,-0.0115569472164606,-0.0120501720259549,-0.00304276540965632,-0.0063357357784439,0.114086195567063,0.00886796608429391,-0.0245988113903899,-0.00792785961523989,-0.0295393387904017,0.174087660778425,0.00807914062526888,-0.0045228130044369,-0.0178670203131599,0.0158785607553314,0.0347951508197078,-0.0717033037273518,-0.0176129110148011,0.0272237116174673,0.0166515832497115,0.0692391817930126,-0.0431253740664557,0.0793690114037181,0.00709125601747614,-0.0134902043235541,0.011715086381293,-0.00768115929380948,-0.0286203522412803,0.0618013269033985,0.000679606361855305,-0.00907469949022036,0.0401690719199246,-0.0279259409676255,0.0381793383190802,0.0146968994376714,-0.012275468006593,-0.00160255511887421,-0.0182902640234132,0.124507938354241,-0.0479504772564124,-0.012693978426815,-0.0334299873284225,0.0198739760163072,-0.0123528541714992,-0.0196038643936389,-0.00669636910419487,0.0102307266623456,-0.0207594995847597,-0.0395366017708296,0.0372301826084344,-0.0176353883408411,0.00150878626798571,-0.0041590185837161,0.00770966549015192,-0.0317297098089463,-0.042430820564954,-0.038536892840562,-0.001491504767382,0.0173058066200773,0.0160302340393652,-0.0191405859895691,0.023393025778726,-0.00220656236188692,0.030956450534452,27,45,60,0.7,0.15417572752289,0.311920386058176,0.887252984643779,0.0919154671645242,0.561184921719713,0.944693559414397,0.144662506197268,0.355380583599972,0.931369314537765,0.0948723904635229,0.374528462494747,0.918382567353125,0.774
"60","Enterobacter (RSV192)",-0.00232000733294414,-2.31213604631231e-05,-0.00637748967762462,0.000266359754104142,0.0003678665687015,-0.00484232631718254,-0.00436696651190372,-0.00254595036724377,-0.00749775438318339,0.00144727381650186,-0.0153113888537666,0.0020018740674176,-0.00449950715786126,0.00252938593189211,-0.00376089303700257,-0.000253114861254867,-0.00103834214698788,-0.000549954864939929,0.00405597146729178,-0.0040825677864596,-0.00106147460040033,0,-0.0146652817504127,-0.0096993968614156,-0.00798442708981979,2.80967838480071e-05,-0.00106058856942845,-0.00612700214193641,0.00157665955399602,0.00538499768216323,0.000547509247855948,-0.012822419163294,0.00256881333138845,0.00297073391446756,0,-0.000361132777614243,0,-0.00268874479968923,-0.00340452249086655,-0.00536920162836398,-0.00160637531508318,0.000276697158259311,-0.00909564449085095,-0.00430607001889769,-0.000422049216570895,0.00374844652568886,-0.0109605894727217,0,-0.00148081488379246,0.000869957870888311,0.000845308095323007,0.000373370456260726,8.28740877069545e-06,-0.0136263957361711,-0.00150395984135307,-0.00492686266295746,-0.00276956938547569,0.00225586543347088,0,-0.00127816747453132,-0.00041921868105316,-0.00062548349088395,5.58901244533168e-05,-0.00193511451107317,-0.00386203414658655,-0.00381132991959951,-0.00329869676804503,-0.000349018362733048,-0.000659424376100278,-0.00480959744831022,0.00101013440009839,-0.00654677394227989,0,-0.00264686023661092,0.000391898077375644,-0.00607258304931534,-0.00720773303992916,-0.00830341451798721,-0.00133648656295149,-0.00332583589611339,-0.000134419799409101,-0.00317468057932156,-0.0114554760223462,0,-0.00372737066661714,-0.00564963599162893,-0.000746753694710624,-0.0100276743645307,0,-0.0114811128035216,-0.000392147052161903,-0.00243574944685614,-0.00701114923901493,-0.000297945937168792,-0.00578185180654526,-0.00569690486681907,-0.0064002199051286,-0.00286391564533656,-0.00057546543526625,0.00273980531723126,-0.00230936347544668,0.00389800531009922,5,45,11.1,1.9,0.154185318031732,0.311889921466087,0.887252984643779,0.118374550569001,0.461443403122962,0.926335567942295,0.0937108816937839,0.479866937206999,0.926948731826873,0.0644917282724381,0.470727116088468,0.914096209971752,1.88
"53","Delftia (RSV636)",0,-0.00415534255995323,0,0,-0.0100276506928848,-0.00275972448273431,0,-0.00529065096253786,-8.34010044101774e-07,-0.00243610536358762,-0.0026361841519954,0,-0.00483012860070731,-0.00228016830501515,0,0.000336019287674161,-0.000361730855452309,0,0,0,0,0,0,0,-0.00169000842885583,-0.00180001929997388,0,-0.000257404508162129,-0.0144731561889312,0,-0.0147635272042706,0,-0.00771279127616145,0,0,-0.000694530649065631,0,0,0.000410036039408077,-0.00294802376603037,0,-0.00546985915058374,0,0,0,0,-0.00351727121195516,0,-0.00348102528232415,-0.003121976385575,4.05106383276444e-05,0,0,0,-0.00612331957478572,-0.00044693530333823,0,-0.00560210039725131,0,-0.00793795138972437,-0.00236790343259437,0,0,-0.00394931221135687,-0.00556302120179854,-0.00221767606069311,0,0,-0.00507040257578151,0,0,0,0.000343356718965523,-0.00222057349620913,-0.00213084882131283,0,0,0.000319028832672593,0,0.000404701727666509,0,-0.00610542692719387,-0.000658785624747201,0,0.00270450592310709,-0.000962582896329315,0,0,-0.00147907126168027,-0.00246592072425193,0,0,-0.000214825297814768,0.000827080815294103,0,0,0.00277996516289734,0.00946332563573691,0.000573022192497198,-0.00649656539351085,-0.00239160920457721,0.00328588932412763,3,45,6.7,0.7,0.166974133708311,0.272949578586822,0.887252984643779,0.170916135988672,0.322385377388795,0.884541373765408,0.0585788234760121,0.506126062327267,0.932135696309799,0.0426467359997642,0.493410518332829,0.917413308942558,0.777
"146","Staphylococcus (RSV305)",-0.00786509928958801,-0.00554172125700394,-0.00478622064293546,-0.00735362894975086,0.00220588932913269,-0.00428379849740942,0.00209522285752996,-0.00288391306706877,0,-0.00493180687098012,-0.0116062349235225,-0.00124031272800789,2.70774135171844e-05,0,0.00463316874748818,-0.00523425564846268,-0.000386331825778042,0,-0.019833709072046,0,-0.00694616828861023,0.00763729705267035,-0.00866129440251392,0.00112557591265269,0,-0.000519676517478207,-0.0112309499757,0.000117037994875611,0.00123324505516705,-0.00126659470388558,-0.000617013837750055,0.00975301489000759,-0.00723044937699673,0,-0.00585182061624959,-0.000784698670046865,0.000708207188552687,-0.00883345146807277,0.0106748184268934,-0.00691877221274031,-0.00484010356067086,0,-0.00177953044211414,-0.00203450481523881,-0.0110928404125775,-9.89396351207392e-05,-0.00356029700068523,0.000141603895533906,0,-0.00670330476239208,-0.00273374719451953,-0.00478465172453554,0,-0.00111810145161554,0.00731632320477041,0.00996702989338963,-0.015745708386954,0.00179920716726468,-0.00621977367783599,-1.50417972637648e-06,-0.000229092054624234,-0.0057163446204581,0.000313520165894431,-0.00843670181543368,-0.0044884636834358,0.00755700835126429,-0.00489241875620096,-0.000604667029552225,-0.00050647465704386,0,0,-0.00691035028641861,-0.00318919319868025,-0.00607688539046068,0.000509680834971693,0.00331109279550256,-0.00305836696969705,-0.00277367090832009,-0.00488785713031555,-0.00349603293380513,-0.017534191546385,-0.00492934344875064,0.00276507334011517,-0.0108067958286886,-0.00408893787910002,-0.00962340147916677,-0.000141548611961866,-0.0123132715842189,-0.0198600059545342,0,0,0,-0.00373745238996325,-0.00124331982423658,-0.0108979934775966,-0.0138309413400306,0.000705335680263968,0,-0.00168049409091137,-0.0040627686857527,-0.00245678891509394,0.00470044925878245,4,45,8.9,0,-0.190300532941737,0.210521983208684,0.887252984643779,-0.131263404310864,0.425777450430022,0.906014760154991,-0.0982950249013245,0.479367841525226,0.932326117531018,-0.0685856884740463,0.471794097425455,0.913493667951734,0.012
"125","Pseudomonas (RSV945)",0.000171281273232349,-0.000226097267448402,-0.00355098174683993,0,-0.000703745582380609,0.00452419951630215,0.00144007068516111,0.000276906136434328,-0.00341789090250986,-0.00344728121730443,-0.000436636296566349,0.00222775914123327,-0.00271679727885211,0.00508566653314245,-0.0056435191932739,0.000710707943110608,-0.00389555098787844,-0.000404206033172547,-0.00485990186931524,-0.00478916333213127,-0.00811530319722646,0.000784731465794796,0.000583103292562185,-0.0016878832760351,-0.00272642681799627,-0.0101603964532177,0,-0.0142733977126556,-0.00019639588761575,-0.000628867464632177,-0.00664962856647515,-0.00615677674601473,0.000934327046578217,0.000857490927953792,0.000334799868105296,-0.00306999930457547,-0.0116396901698689,-0.00299492870752318,-0.00432279359939491,-0.000496250181742702,-0.00190147309774125,-0.00603937406544013,-0.000123878936748359,0.000256276895479291,0,-0.00169942849514311,0.0023427183489078,-0.003090422423557,-0.00192676895655669,-0.00265773299325999,-0.00156976349200243,0.00447624245715627,0.000287249390507451,-0.00608974955990397,-0.000108751742717108,-0.0049978507805461,0.00347450344069094,-0.00022575578286703,-0.00111897736214362,0.00300126630027542,-0.000264244377487179,-0.00151999335710186,-0.00160179398628832,-0.00426351309283358,-3.05080128344801e-05,-0.00416332294114866,-0.000589897815376555,-0.00222504708463948,0.000395112864411345,-0.00184988857237919,0.00130506773786932,-0.000593089115438733,-0.00143916014421326,-0.00772045188567043,0,0.000339882598936749,-0.000800712701749549,-0.00203112252908301,-0.00212052606941879,-0.0196078604886914,-0.00529706148564373,-0.00459454943498938,-0.00488534261991519,-0.000443926941712412,-0.00122248148316167,7.89118769858419e-05,0.00586801464836516,-0.00200990669637768,-0.000990595145179792,-0.00117827408509044,0.00282846475478824,0.00471879618219646,0.000899717410049928,-0.00187435652962794,-0.00134242639090791,0.00409339838769158,-0.00411841288442242,-0.00281568278916164,-0.00223194085772019,-0.00678508108350094,-0.00249410962368119,0.00462052846980055,6,45,13.3,0,-0.024867334963505,0.871190946971395,0.959370452745787,-0.0258079872863386,0.594034193589947,0.945906465318736,-0.00883165609195838,0.577648846270435,0.946839057935426,-0.00243424660636164,0.580620497294596,0.937696636193566,0.042
"168","Streptococcus (RSV177)",-0.000227212785944067,0.00230166246270671,-0.00545197759542864,-0.00305948431798358,0.00440054877259341,-0.00681255782124211,0.00269016579630452,-0.00698545490097556,3.18332503425594e-05,0,0.00112334648035578,-0.0126885166603211,0.00172139116265176,-0.00868841128732529,-0.00061634559462866,-0.00144904937174095,0.00528979266463492,-0.00634198639894811,0,-0.00083974343423586,-0.00571961361345417,-0.0125312032099065,0,0,-0.00545350677699373,0.000832534234897288,-0.00560308137822352,0.00113341441758083,0.000304162991032475,-0.00360633783770986,-0.000554907368521897,0.00125051971379821,-0.00789663407707514,-0.00155851060320458,-0.00473686760717584,-0.00903210801263464,-0.00884124132911941,0,0.000558057370695097,0.00184653110382297,-0.00869725456845109,-0.003332787656687,-0.00315084707025841,0.000450740350062078,-0.00165223761184973,-0.00346435552458877,0,-0.006144167132739,-0.000470860346333919,-0.00099260802103122,-0.000972892400824255,-0.00197126662698962,-0.000642371226068653,-0.00947478792565482,0.0020486206847745,0.000806721950082125,0.000268020824821202,-0.0013936885911051,-0.0100531674704574,-0.00928226163209261,-0.00481268147892663,-0.00395034628058182,-0.000778911862227735,-7.59900930884516e-05,-0.00171320543932877,-0.00585707737064004,-0.0155469522048174,0.00585047910662199,0.00016694470247854,-0.00499257430943883,0,-0.000342592941572881,-0.00961613997555886,-0.00248301702155366,-0.0128434176724551,-0.000558756212199863,-0.00192477823579816,0.000571394395633889,-0.00551590033471407,0,-0.0197078759096332,-0.000769733156545551,-0.00381627921820734,-0.0080030895509692,0.000231799546087111,-0.00360039704279639,0.00138463319236513,0.000664376591404066,-0.0134985298442226,0.000196966801913902,0.000441004844076401,-0.00143280535544568,-0.00759084910481292,-0.00215291308850943,-0.00584268619567501,0.00086905934025723,-0.00152519788238602,-0.00268133608277657,-0.000821977408270944,-0.00627496652878985,-0.00250611458761066,0.0041289926420975,6,45,13.3,2.3,-0.0225234428400154,0.883243608888724,0.959370452745787,-0.0421916953096962,0.67090612820833,0.9581491025188,-0.0416330383111063,0.555403805744166,0.945358076107136,-0.0294322544223725,0.537495630852894,0.930769673215206,2.319
"42","Corynebacterium_1 (RSV359)",-0.0164782907273224,-0.00670832442243355,-0.0185564652936598,0.00698910468670843,0.00721370362747063,-0.000827279151286064,-0.00195944055306365,-0.00169325220377279,-0.0205041323731035,-0.010786596115054,-0.000614594992680838,0.000951101202525005,-0.0109369161721319,-0.00177140145787013,-0.00173499367085473,-0.00108523361929454,-0.00420170881614038,-0.00562362960475313,-0.0133200625466958,-0.000974677539500842,-0.0036955621760467,-0.0040918007535673,-9.13880683748324e-05,0.00331750114098897,-0.00388110602680737,0.00210181003611736,-0.00393407346339199,-0.00306460155552574,-0.00671348393356429,-0.00876129813649506,-0.00382378687388993,0.00119871144151481,-0.00107146276633801,-0.00584726750577787,-0.00429831513758267,-0.0118791924286931,-0.00365122726734005,-0.0108094877345689,0.000222396542635393,0.00498098748631771,-5.61978379185049e-05,0.00406825024915974,-0.00333492461878613,-0.00912942577407448,0.000364689170556132,-0.0108189569790687,-0.00696146485436859,0.010608345785493,-0.00175624516445616,-0.00604646302885537,-0.00175860746952919,-0.00810688340390313,0.00296025661824397,-0.00233989857479873,-0.00657435382662603,-0.00217071138088313,-0.00487907161133461,0.00413974131783124,0.0116312181310712,-0.00902607482049471,0.00812865050529883,0.00492546584653922,0.0143426148427323,-0.00818705510552274,0.000300545425553432,0.00137966369861722,-0.0134769934427298,-0.00702851672237085,-0.0042669211711898,-0.0136958454887622,-0.00276553700911595,-0.00452938286068094,-0.0054043022857424,-0.000489847176603464,-0.00174239860841955,0.00322584997837826,-0.00184292557223986,-0.0047864894089814,-0.0111947003055757,-0.0120551261824884,-0.00795506851877325,-0.00903122226178607,0.0150209690333804,0.00958492757352896,-0.00119816941212215,-0.00369877981578575,-0.00217706512474979,0.00589071410702426,-0.00771948591847102,0.00421277183658032,0.000308775624886135,0.00010871530692465,-0.0118211384519083,0.000630657139797041,0.00974211018286377,0.000785721145018292,0.000102450101300026,0.00215929750827845,-0.00458971219057467,0.00362764078875023,-0.00251664847379854,0.00651093011114638,10,45,22.2,0,0.00869089593546438,0.954815447446583,0.979995712162033,-0.0311245162758668,0.652874242326531,0.95625533896109,0.000272804390298284,0.617002075931841,0.954565598197226,-0.00565883301998354,0.62957599359903,0.946295207252601,0.041
"14","Acinetobacter (RSV416)",-0.00172241670907753,0.000399881760373656,-0.00374017575565633,0.001285848141699,0.000185865709686968,0.0126257858609366,-0.010146057916258,-0.00178400027188455,-0.000554321362923602,-0.00100463733908039,0.000819180711141615,-0.00509596958490576,-0.0177135995491286,0.00447715465523135,-0.00664686296505092,0.00296141003040684,0.00263151852168652,-0.000395179970662011,-0.000131774905381989,-0.00337247385421469,0.000150947250325663,-0.0101413907815583,0.00162759829597664,-0.0124902014316291,-0.0044857337355729,0.00239144498770757,-5.31373249294499e-05,-0.00298583442222008,-0.0122583509581977,-0.00237145146382957,-4.72076815557809e-05,0.00563044409475878,-0.00232562830438488,-0.00504191812610802,0.00669646209088942,-0.00240094952086374,-0.00030736998607932,-0.00238056391684107,-0.0028997548817382,0.00391200489976502,-0.00607755190775893,-0.00245999913339602,0.00578612201947298,-0.00634853174318797,0.000937087895953717,-0.00208118593655929,-0.0248392877596083,0.00229599661118185,-0.00547515718982345,-0.00186720522216078,0.00769814747301216,-0.00287952272763944,-0.00462752324730486,-0.00299286404141144,-0.00261952089396018,-0.00111280045077664,-0.0107870433384207,0.00789831356809527,-0.00992651281152868,-0.000583133038040377,0.00354899880368524,-0.00387610468709848,0.0016064463188942,0.00329352177523951,-0.00711380584511777,0.000310334185964534,-0.00397258300324235,-0.00816765165869209,0.00925066690539262,0.00060875237372853,-0.000323130803032013,-0.00462577577665076,-0.00522386593795922,0.00212952826950173,-0.00589975005764615,-0.00180265749696154,-0.0136267163112485,0.00421015155391921,0.00262312127939399,-0.0064056874375471,-0.000887151989384252,-0.00576629228548834,-0.000487017967212727,-0.0049802430154564,-0.0127841023642136,0.00399997150169298,-0.00328627466514757,-0.0113905480174462,-0.00358831200304765,-0.001708675137715,0.00671297868571938,0.00801180248113566,7.41530503228871e-05,-0.0200570995274934,-0.00422249902910032,-0.00208230482169341,-0.00188634224147971,0.000678043579183584,0.00461800045547098,-0.00190527163613975,-0.00253253185246829,0.00423277595931839,9,45,20,0.4,-0.0994866246937085,0.515554908061705,0.959370452745787,-0.123767655460953,0.452962440369669,0.925680531205448,-0.105536179925317,0.498225280380065,0.940718873001063,-0.0713518777994573,0.500811986883112,0.929261076941214,0.506
"101","Micrococcus (RSV181)",-0.00512943222509639,-0.00320412451561003,0.00460326358956565,-0.00419268748691616,-0.00136741349461574,-0.00140694202431518,-0.00203022074830912,-0.0024610404541326,0.00430297565895839,-0.00491416415380158,-0.00296549074011091,-0.0045215650327334,-0.00379438740623634,-0.00122160207482448,-0.00414255974201994,-0.0034881775461356,-0.00345640329621535,-0.00843738436770066,0.00163105726733133,0.00206527171692077,7.29615380045426e-05,0.00275525873370096,0.00482394224226435,-0.00994466410830352,0.000332819392027449,-0.0010542389124876,-0.0116640622853044,-0.000470959879596956,0.00684101019517171,-0.000197575357483416,-0.0139219521493827,0.00176156092923607,-0.00909374394715488,0.00157598770482855,0.000460008932017743,-0.00370199649467498,-0.00105176197040367,-0.016443441889394,-0.00366954585893569,0.00264746748113161,-0.00664812131686625,-0.0145277501241886,0.0043997444129977,-0.00919953210283249,0.00151496504870265,0.000265841420022631,0.0017667541077144,-0.00541477838117663,-0.00224946630064923,-0.00307890924976515,-0.00191440817167699,0.000899786597307046,-0.00163929586221408,-0.010137974023465,-0.00519436153877578,0.00187565446603921,-0.0128411404308875,-0.00016823035820297,-0.0055983012111545,-0.00282251747730169,-0.00350964902948789,0.00731791884527672,0.00450058729110888,-0.00215530138584278,-0.00299149783966249,-0.00269350763480033,-0.00521754966078671,0.00205989202894681,-0.00212013688472579,-6.69862090328799e-06,-0.000724501499198074,0.00687322458450496,-0.00273982720688374,-0.00943441083618033,-0.0118526365438834,-0.00887104922555286,-0.000305554489940571,-0.00417442466676543,-0.00957179414108269,0.00608243348540116,-0.00326387119796076,-0.0117176602637038,-0.0037598332386394,-0.00499414316483813,-0.00532062450656549,-0.00412935681272113,-0.0122322131678452,-0.0171369078937707,-0.00538012809318201,-0.000819319828227072,-0.00770152862450856,-0.00667492835523851,-0.00429029606832315,0.000442146151511712,-0.00940220680921043,-0.00873260639947688,-0.000561846601644798,-0.00457645320929961,7.97805616828905e-05,-0.0117502832116702,-0.00253789011588422,0.00467131008668899,8,45,17.8,0,-0.0221449643412105,0.885192324956164,0.959370452745787,-0.0164143669741051,0.601098335163424,0.942519399913806,-0.035546926781131,0.567024229773583,0.947020892141201,-0.026855746650704,0.557985534683696,0.933534440825018,0.014
"194","Veillonella (RSV515)",-0.0143888887987707,0,0,0.000661633037041724,-0.0101124904724942,0,0,0.00298749072232398,-0.0026312695968635,-0.0163858385256584,0.00193169193995382,-0.00104576909915878,-0.00425860364035048,7.47170590857015e-05,-5.73748006434737e-05,0.000385876974419088,0.00353547574200955,0,0.000431683898881365,0.00373948491909116,0.0053802888417445,-0.0134182877629452,0.00208253277815378,0,-0.00866946793821353,-0.00557120008752272,0.00460417942684357,-0.00359749901363762,-0.00442883653591415,0.000856075191492738,0,0.00194784438219809,-0.0042408382530002,-0.000433973879738502,-0.00847468599709943,0,0,-0.00719796134258036,-0.01933047339967,-0.00722034568487559,0.00500492812102343,-0.00182162773794728,-0.00743542736855261,-0.000544360377179238,0.00162068645749653,0,0,-0.0134313631428047,-0.00358948678043964,-0.00514579726170184,-0.00786073800790182,-0.0102891815722738,0.00210889593155853,0,-0.00307605333912266,-0.0012193570941896,0.00464714980526968,-0.0078543054656493,0,-0.00286532167555965,-0.00665840480014493,-0.00297838316885312,-0.00903433933348175,-0.00322845583927873,-0.00260286518537394,-0.00478209978356918,0,0,-0.00157901263843822,0.00280513798081288,-0.00195459991585914,0,-0.017935372295002,0.000429359607156074,-0.00143692956073514,0.000524049342377818,0,0.0029358561765215,-0.00119021120165691,-0.00779905071515559,-5.87424908373508e-07,-0.00111795190905492,0.00193650063331795,0.0087150790250994,0.00561843330310618,-0.0162806291850392,0.0055340500130289,0,-0.00619496353166985,0.00095771025880164,-0.00605202540616153,0.00263298590676051,-0.00228997180724141,0,-0.00222694809691303,0,-0.00131850223407493,-0.00222580591491826,-0.0191539553112154,0.00521253476009666,-0.00276315531913243,0.00571616546067741,4,45,8.9,0,0.0584513558404493,0.702909331701705,0.959370452745787,0.0310306752832237,0.561812058927147,0.94046061357103,0.00728336249569945,0.557849187558194,0.938923969821226,0.0046630048628356,0.553591348658162,0.921889577528932,0.021
"50","Cutibacterium (RSV2067)",0,-0.000790758363465892,-0.000912087918450974,0.00111407653296825,0,-0.00061962562900215,0,-0.000689344489422133,0,-0.0131066656424927,-0.0221400614390498,-0.00164381612838173,-0.000535475258415502,-0.00242683888931557,0,-0.00103778262592796,1.3604184113152e-05,0,-0.0042337342941696,0,-0.00271098905132645,0,0,-0.00720652556955594,-0.00734591417697298,-0.00348386143785009,-0.00161831139272499,-0.000837987822247217,0,0,-0.0087526731808975,0.000135816077072303,-0.0153276786257944,0,-0.0016693589165652,0,-0.0195983029164614,0.00541408622414077,0,-0.00143252395930942,0,0,-0.00691503650218706,-0.00461444828436088,-0.00185737613971836,0,-0.00193982003618648,0,0,0,0,-0.00871556310424391,0,0.00426669295691602,-0.00429631325253155,0,0,-0.000268974285885105,-0.00521454546170298,-0.00609237593649688,-0.00289067543228779,-0.00270651427118716,0,-0.00663683589748266,-0.00496686494794746,0,0.000697658357367207,-0.00111382212187496,-0.00357022845697862,0,0,-0.00352240328046058,-0.0173382678163702,-0.00468804785716498,-0.00689088991523424,0,-0.00459582096500807,-0.000104228785637012,-0.00319810572467817,0,-0.00699665556300501,-0.0024757285389599,0,0,-6.98027436177086e-05,0.000773401529575363,0.000973088006430991,-0.000722026513854015,-0.00160960588017081,0,0,0,0.00149532769671273,-0.00883167579435087,-0.00175974633745884,0.00199754458164482,-0.00518693552154396,0,0,-0.00693677260117423,-0.00282123022847598,0.00365483764917745,3,45,6.7,0,0.162556022506175,0.286021839493298,0.887252984643779,0.0855187011191015,0.494557523555606,0.915054929019862,0.0725669972698728,0.511466514554225,0.921632016913981,0.0504078729070601,0.504919293950953,0.910762126159526,0.005
"151","Staphylococcus (RSV484)",0,0.000574113025605911,0,0.000224899290959882,-0.00130168793248732,0.000169685667702966,0.00224509390373615,-0.00101153999779881,0,-0.000133780377477332,0,0.000309063761125326,0,-0.000199350782399388,-0.00547750997647218,-0.00198084718546618,-0.000108696556700332,0,0,-0.00982295749662058,0,-0.00369083303894379,-0.00436371157044918,0,-0.0141172947466566,-0.0047614879491796,0,0.00284442281001413,-0.00111761346648252,0,0,0,-0.00585536161299266,-0.00251481362812569,0,-0.000958375057385004,0,0,-0.00184955786105116,-0.00140020165116033,0,-0.00292655058419703,0,0,-0.00350515189954557,-0.000516662561139275,-0.00133223660916379,0,-0.00530873350771652,0.00177005814009353,-0.00105452520329628,-0.00216197652115467,-0.000106478879912456,0,3.23049089085823e-06,0,-0.0050464496578227,0.00308433748843482,0,-0.0010468540476002,-0.0037491527943548,7.96392492431484e-05,0,-0.000782189465800686,-0.0021833173183448,0.000577211042342948,0,-0.00569946430086074,-0.00103650996703286,-0.00369027522239408,-0.00708770119721098,-0.000230355257195981,-0.0026278525492885,0,-0.00237730890552337,0.00166776427871766,-0.00393755561967618,0,-0.00595225681496449,-0.00364191193558216,0,0,-0.00172573766502488,-0.000694039049635631,-0.00203077364972691,-0.00827922012171106,0,0.000329704638963229,0,-0.00619542873300505,0,-0.00145424684421004,0.00152780526313014,5.36871977409217e-05,0,0,-0.00310003919349395,0.00384888827598957,0.003468144015927,-0.00143309518475719,-0.00282921302231846,0.00375395877575238,3,45,6.7,0.5,-0.154786240736901,0.309984842490343,0.887252984643779,-0.123673133866646,0.43624086873939,0.922690991836692,-0.0498645247444085,0.514331585584655,0.941814540972698,-0.0361975631725204,0.512362274448553,0.928841246162464,0.459
"59","Enterobacter (RSV110)",-0.000255266760950159,0,-0.000632231078302802,0,-0.00264694674828864,-0.00320330136330342,0,-0.00354228022218182,-0.000545290215272499,-0.0073114096833553,-0.00177140881481041,0,-0.00279571780649847,0,-0.00263362154555708,0,-0.00888395005751677,0.00120927584405653,-0.00166576260011974,0,-0.00260923488946871,-0.000386706089460462,0,-0.00777736491073039,0,0,0,-0.000601220051036962,-0.00648036038973169,0.000579482965355446,0,-0.00304881539782312,-0.00359571994372923,0.000397356006362283,-0.002131075257148,-0.00524783123452521,0.00190668894900485,-0.000669967400208898,0,-0.000789978881298539,0.00228996948378793,-0.00605750885816535,0,-0.00142968296175701,0.00088103449869797,0.000121169325115261,-0.00166373291785987,0,-0.000623691675568892,-0.00318060095477208,-0.00451527303019713,0,0.00384025142674271,-0.00340927609765465,-0.00621635865893004,-0.0117959483675019,-0.000511901039863575,0,0,-0.00179845060124453,0.00397723643189751,-0.000832506087335293,-0.00181961430314297,-0.000913330489577734,0.0027251752240157,0.000387542087324234,-0.00847292490978547,3.79652205504177e-05,0,0.00019834715344989,-0.00254821413550259,-0.0068270596142644,0.00304924997535568,-0.00386596785910233,-0.00268943375436736,0.000198024727404304,-0.00171695103089957,-0.006169794668501,0,-0.0101764993409681,0,-0.00259499776731588,-0.00367245006403746,-0.00371198280095469,-0.00217016457285618,-0.00418336184789504,0,-0.00672180687710741,0,-0.0107287902697729,-0.000748726042758279,0,0.00108183436143934,-0.00434966962632251,0.000271432655517057,-0.0103276541573241,0.0013958823852205,-0.000972631155448171,-0.00114365454698376,-0.00961659020962151,-0.00287172239905721,0.00391598408163058,4,45,8.9,0.5,-0.0224196981305833,0.883777703977435,0.959370452745787,-0.00449914292610311,0.640629257977073,0.957967079664008,-0.0455974522999315,0.559726195749579,0.942182964855621,-0.0293848340339369,0.550893829107409,0.931593018744954,0.495
"83","Haemophilus (RSV346)",-0.00187050758151616,-0.00150686826359141,-0.00251283211849923,-0.00565407024824798,-0.00355854614573304,0.000844613699027064,-0.00214873063867296,-0.008063488031746,-0.00415007981671563,-0.0108198365773976,0.00104095657370936,0.00355421667472484,-0.00415288223214257,1.54425906198281e-05,-0.00895463022065759,0.0064446618580825,-0.000239242595822453,0.00280104565861753,0.0015331513164756,-0.00177195001445649,0.0161592194437313,-0.00217951887861586,0.00307321715052901,-0.00520862770154719,-0.0101565523356946,-0.00174236309072628,-0.0104524554027257,-0.00250652053232583,-0.0133911974911454,-0.0122185602775127,-0.00220608640010518,-0.00259301356688903,0.00725904868314314,-0.00097132564508713,-0.00159740249618236,-0.00334617015805709,-0.0137468975616476,-0.00183533027175991,0.00123222339940669,-0.000476057672394082,-0.00241578587024813,-0.000356993300829135,-0.0110328799029679,-0.000153959532550903,-0.00399126223538702,0.00313512134207313,0,0.00565647624815995,0.0052705547388437,-0.00555053770873116,0.00612597264901537,-0.00359826966331744,-0.00874635717561248,-0.00345932071433345,-0.000862940411633735,-0.00303490126108455,0.00294192391100073,0.00129212782061108,0.00518428810743353,-0.000984396720845642,-0.00966920964463251,-0.00296568766921445,-0.0100995337705976,0.0071071788564824,0.00328351222532206,0.00256262286510706,-0.00148189996084294,-0.000525462596661295,0.00143392156374468,-0.00143222692964943,0.00727250241119285,-0.0035488257500246,-0.00482714795639392,0.00328031782733931,-0.00360532453897696,-0.00619871899348807,-0.00828015342675572,-0.00499110229029578,-0.0016276150394906,0.00357332558464869,-0.0138858756546239,-0.00196503653212598,-0.00272665449250924,0.000776132572495176,-0.00117128703311357,0.00192484038035143,-0.00364336606138849,-0.000681759112417911,-0.00268736413960353,0.00123201506021268,0.0040184535114056,-0.00595779256189287,-0.000656451069902275,0.000548917654500962,-0.00153969351014869,0.000275215511428481,0.00377752128754847,0.00139236995625398,-0.00619834467000574,-0.000752283985658103,-0.00306773179719947,0.00443041703677496,8,45,17.8,1.2,0.084019769539925,0.583188589855262,0.959370452745787,0.0995602478797674,0.530357860470433,0.938471725797329,0.0480918109327343,0.579950725666245,0.952123218283772,0.0338897709353204,0.566597265116259,0.941673536628712,1.208
"11","Acinetobacter (RSV342)",0.00697930453678531,-0.00348003403667232,0.00633750329392659,-0.00644602952298163,-0.000931336644621697,-0.00759885148254656,-0.00154002236843802,-0.0094602675790914,-0.00184448268702598,-0.00641344592156509,0.00179874473833601,0.00131178655197673,0.00340035254283998,0.00421594560985859,-0.00205400587103265,-0.000547834070592302,0.0080921984704157,0.00112537568309836,-0.00172080054906062,-0.00819578944356504,-0.00446458390582264,0.00166064678780774,0.00353286053746374,-0.00208419082441081,0.0118376499356695,-0.00132525757675524,-0.00307648083139795,0.000684912023138732,-0.000572662803793373,-0.00502388221473626,0.00216156977686369,-0.00241478631665808,-0.00369054713619921,-0.00131875317624762,-0.00422770760507001,-0.00153772886337531,-0.00104711619661257,-0.00466778855930304,6.60785702787372e-05,-0.00753474219301587,-0.0056768567514193,0.00767160211824003,0.00303792927581291,0.00554769654152806,-0.00169397387230763,0.000337097315561427,0.00545478867783589,-0.00123226604534507,-0.00423889534959361,-0.00775692686587616,0.017373503644406,0.000967300285893195,-0.00439348611140289,-0.000683210779723403,-0.000174446830759744,-0.0047618891218665,0.00661386656840658,-0.000329375930039227,0.00536048579981646,-0.00404604002138769,0.0032867726790142,-0.00613822868455602,0.000566324929229509,0.00539550530877022,-0.0103480165845855,-3.82276454459118e-06,0.00653497582451221,0.00106385984624723,0.00260976602498013,0.00280212455230484,0.00432191565315897,0.000294079799759029,0.00182534564268455,-0.000641580101512628,-0.00515003823545359,-0.00427646520916785,0.0103850644942861,-0.00564074577249143,0.00300705176841236,-0.000257692033746644,-0.000517447675136531,0.0044241116984793,-0.00238514248099839,-0.00318870783438092,-0.00851217731443755,0.00248939147026991,0.00219891895090325,0.0059900167287335,0.00140753374505198,0.00102507555810107,-0.0151277479906652,0.0209057450333776,0.00178934850019086,-0.000855189612696625,-0.00365030887502924,-0.00233714383158601,0.00421859850627521,0.0036866100967597,-0.00315476828348645,-0.00283787568007838,-0.00315717780805967,0.0049730778593892,8,45,17.8,0.5,-0.175070641220507,0.250031930853813,0.887252984643779,-0.16506788993804,0.341258343473721,0.880192196339096,-0.144595591912855,0.379487482181703,0.904428292338571,-0.0955046623093312,0.387841417683547,0.894687129780838,0.647
"166","Streptococcus (RSV151)",-0.0314503880399406,0.00650071537491253,-0.00101351325359192,-0.00247885359537753,-0.0118324442293547,0.00114677715870423,-0.000376517155520816,-0.00760131198739261,-0.00266578172654,-0.00125823910627121,0.00925820149392679,-0.0161646057435633,-0.000362809531927604,0.000446713432972969,-0.00106028642572747,-0.0183177438073984,-0.00113344279936635,-0.00488017524317431,-0.0102512345140447,0.00112030503901088,-0.000972724518613313,-0.0024407712325901,0.00374191852733855,-0.0131857853771904,-0.00452076754997354,-0.011783603895905,-0.00264476071910544,-0.0138202224268115,-8.77340026767335e-05,-0.00486364250010205,-0.00364799585857698,-0.0032341588009097,-0.00619821534715917,-0.00711426171020689,-0.00362163607280612,-0.00237911769028795,-0.0148161499913032,-0.012867450087064,-0.0126191737378426,-0.00357995915794122,-0.00330143355796779,-0.00950779626149455,-0.0118630955118289,0.00175859618246419,0.00268151795425821,-0.00237948601624859,-0.00541419605601834,0.00641455007218914,-0.00061787377234168,-0.00687653247069571,-0.00884883241225019,-0.00032011167361184,0.000242410982858224,0.00505585238536968,-0.0209612646419674,-0.0032195958266409,0.00804345198475568,0.0063036722196232,-0.00896358533951242,-0.00187950936915445,-0.00184895033487093,-0.0110646801937247,-0.00255017468355676,0.00411336385241098,-0.00479077449895806,-0.00663623809736372,0.000154152543425295,-0.00192612292142427,0.00173217800485541,-0.000458269635772858,-0.00114042103989684,-0.00828445579547439,-0.0018297589520561,-0.0223825710329273,-0.0047701186191398,-0.00179798013704843,-0.00653042165472162,-0.00571235439106424,-0.00295764280917257,0.00273110942714487,-0.00733423978425028,0.00366951248794024,-0.0040754588405094,0.00332151662400216,5.25737598533237e-05,-0.0005148909686661,-0.0133024322986603,0.00361454746820407,0.00334934743969098,-0.00132208324135811,-0.00496898499227938,-0.00333382950482469,0.00281264208417932,-0.00152506787163122,-0.00286582285979903,-0.00952644583831267,-0.000753760760268275,-0.00997853179243639,-0.000300502279638737,0.00388555280461151,-0.00320951456970714,0.00554310519862368,10,45,22.2,1.7,-0.0301484202362009,0.844144308038222,0.959370452745787,-0.0226480310053293,0.719764311254957,0.962401914988593,-0.0231513129562947,0.5976846808654,0.945701692075831,-0.0110489505054986,0.606762331626021,0.935187373963893,1.902
"6","Acinetobacter (RSV1537)",-0.000464649074173702,0.0005310727829051,-0.000868702645513173,-0.00138836596372276,-0.00658935137399076,-0.00593035234350147,0.000824838293130931,-0.000729152212805036,-0.00836156437341124,-0.00323069365753414,-0.00883098196417853,0.00821495179891728,0.000542981863356779,0.00049782498252423,0.00174759295462871,-0.00256903637147488,-0.0030935608240089,-0.00454273263123075,-0.00181990948962461,-0.00430185873783921,-0.000267044946416712,0.000104490972171521,0,-0.00201305564853825,-0.0007425145164912,5.84172158388799e-05,-8.30685828749011e-05,0.000703374119544337,-0.0006258556922237,0.000858570346031938,0,-0.00364843034282663,-0.00657533319011813,0.00141904321030064,-0.0123321072197926,0.000727089812746215,0,-0.00319091746231519,-0.000457128614069853,0,0.000760115103763501,-0.00749564126707835,0,-0.00265152197555797,-0.000364471940780786,-0.0169998803310837,-0.00134075883524742,0.000283762840400147,-0.00593961056872968,7.39239465624408e-05,-0.00152027584931171,0.0018376746284245,-0.00355590712292637,-0.00499240330397839,-0.0152066831554805,-0.00400843995733877,-0.000745627876108202,0,-0.00635887877329441,0.00121238043138202,0,0.00213961777946869,-0.00120431037265098,-0.00112114588076378,-0.00587628342605666,-0.00153434894795877,0.000658780897551521,0.00161746765200242,-0.000143610867707285,-0.00171000396653779,0.00160219078732044,-0.00360087473256874,0,0.00141037542353334,-0.00389767505996259,-0.00533708676057102,-0.011775030450278,-0.00542046889649676,-0.00319391153208664,0.00154656843975079,0.000372341020543141,0.000847349837997934,-0.00215837743120006,0.00117522028030976,0.00032989525436771,-0.00280363952495221,-0.00132467646239636,-0.00973185300503631,-0.000667411065989131,-0.0103041311054243,-0.000381632265934503,0.00355535817523576,0.000942905753878246,-0.00499090828451731,0.00204627195176097,-0.0116199884067104,-0.00209847158077906,0.00172491006663028,0.00906057249949726,-0.00803055722644869,-0.00323855640309273,0.00503604045745296,7,45,15.6,0,-0.0261100036098788,0.864812457595636,0.959370452745787,-0.0273058218478737,0.64085005002785,0.951639006151788,-0.0220333296813364,0.594571622351224,0.944759849078471,-0.015854216533641,0.582499294579218,0.930822143015159,0.033
"21","Actinomyces (RSV2013)",-0.00580079269150915,-0.0115273323572328,0.000202321515231401,0,0.00158899922744528,-0.0193789256166258,-0.00369213431303975,-0.00598913233140707,0,-0.000767073410935232,-0.00802081956037412,-0.00257970029662003,0,-0.00268475878786054,0,-0.0119924493491439,-0.00419921485408128,0,-0.00179048678858414,0.000274430013705045,-0.00492849806893151,0.000490107005632264,0.0036671227076635,0,0,-0.00663567459202461,-0.00747452179180933,-0.00206057080852367,6.2581164186761e-06,0,-0.00252791799171955,0,-0.0122234301496365,0,-0.0177136162093446,0,-0.0131056650510871,-0.0118193299455803,0,-0.00486610569629283,-0.00353905082977683,0,-0.011740257480814,0,-0.00767138407320213,0.000277021138385274,-0.00249710008987025,-0.00705788770472807,0,-0.0083376186437977,-0.00180399910163152,0.00163227059978498,0,-0.00492322840281726,-0.00340471460183713,0,-0.00304058690648918,0.000300804823241714,-0.00193817250003257,-0.00436061806420533,0,-0.00845776794320466,0,0.00264043334854215,-0.00917106520893313,-0.00397964101733129,-0.0113920695346891,-0.00372404370657612,-0.00376212950191641,0,0,-0.00463531601207448,-0.0175353703284174,-0.0142589499568968,-0.0107432546574188,0,0,-0.00527199881951098,-0.00668713022498243,-0.00138647201007507,-0.0100255361675932,-0.000794255577228873,0,-0.00543177450592869,0,-0.0102573276673614,-0.0200814329756719,0.00422831883541426,-0.00485900730493437,0,-0.00845587920583886,0,0,-0.00444856204041066,-0.00191503950251582,0.00571306476087314,-0.00973386576251484,-0.00146518639206926,0.000296418169415491,-0.000621653309170575,-0.0034547593073289,0.00495457130527025,3,45,6.7,0,0.0629199974649018,0.681358494062782,0.959370452745787,0.0347949292861066,0.617648437791179,0.948855743210109,0.0394783983530146,0.558385793088399,0.939988100471917,0.0275038252926574,0.544740138133941,0.922686342345395,0.05
"70","Flavobacterium (RSV491)",0.00092174967851865,-0.0021332591780153,-0.0103779268842709,-0.011637110154138,0.000220554122110906,-0.000592086689913925,-0.00469743294866344,-0.001162672741047,-0.00540016069496509,-0.00269143260288856,-0.00139612538133093,-0.00210245614171579,-0.00962008671673898,0.000603691367381889,-0.00583758838921941,0.00114878934502453,0.00359496077829666,-0.00622804875855949,-0.00254326988952288,0.000428685995916811,0.00123737942888077,-0.00552029603268486,-0.00911521990762548,0.00179463970178423,-0.0195291491856215,0.00056259759925733,-0.00206015488616406,-0.00278240507871287,-0.0100001675494001,-0.00251048007842676,-0.00834407224864739,-0.000882850386685978,-0.00607012475198244,0.00168838428625761,-0.00319423535819771,-0.0108002874835678,-0.000878582041912021,-0.00977305619596571,-0.00100618445384651,0.00119792347069716,-0.00995962481940901,-0.0107200249900046,0.00103411778172968,-0.00734768609831055,-0.00527746832645902,0.00045553273750866,-0.0050401498662593,-0.00944534583772296,-0.00723964217438166,-0.00129139200775274,-0.00232326926004111,-0.00675911115948402,-0.00376202556497762,0.00302583607201952,-0.0152225379702021,0.0025553413709276,-0.0119187773636079,-0.00119000525153599,-0.00445925994392242,-0.00257057347505438,0.00361412252732671,-0.00979435122307912,-0.000126409860879456,0.00401042810711059,-0.00369731975641959,-0.00548416965150667,0.00133386489485756,-0.000743720218122413,-0.00153367024937147,-0.00527512991617823,-0.000547475440136225,-0.0125738116103552,-0.0101515341409052,0,0.00119269401874136,-0.00277625869009095,-0.00682460638442294,0.00254033290695721,-0.00537653218538795,0.00287202769355121,0,-0.0123174547612256,-0.0137075465834618,-0.000659646779242774,0.00448047460647563,0.00169855875946203,-0.00597101938515558,-0.00104445220467662,0.0042679478271752,-0.00590837922404007,-0.00163025382207297,-0.0102053815328949,-0.00467832087532914,-0.00384790003584572,0.000527256860797299,-0.0121415213295627,-0.0117316722031105,-0.00525784310561009,-0.00333759730621053,-0.00932512928790124,-0.00357055994050355,0.00583611612193941,8,45,17.8,0.1,-0.0890675594238716,0.560682275156562,0.959370452745787,-0.0708748836246844,0.575465998137068,0.937443357128616,-0.104144362809531,0.495610375117629,0.93603383855182,-0.0726164214910737,0.490034898411279,0.925786234180798,0.062
"152","Staphylococcus (RSV587)",-0.0134197984587909,-0.00367089479573733,0.0192118187096813,-0.0103589667661693,-0.00225463082225566,0.0025479576524435,-0.00383260095103284,-0.00202563180105301,-0.0101463383750421,0.000486215752733072,-0.0124825458451383,-0.00241325185164281,-0.0077523961336299,0.00128712974517616,-0.00146148342235187,-0.00613043199168331,-0.0143920060392574,-0.00301265334898594,0.00182124357049447,-0.00175391153656788,-0.000678671815233657,0.000167702147657562,0.0175332973147585,-0.00180969889519327,-0.00142792348091849,0.000541483753039139,0.000619874134023738,-0.0092739514975223,0.000387182786606136,-0.0196142961101889,-0.00628554863819874,0.000722718706010683,0.005791300025451,-0.0103858010582339,-0.000808693175532417,-0.0075782314440905,-0.0124099313140469,-0.00822806902097958,-0.0116002957302085,-0.00122759456005978,-0.00605079938236382,-0.00143356689232183,-0.0042675011725582,-0.00310600750150781,-0.00795085406514056,-0.00362763802965211,-0.00812609667276326,0.00309460237712928,-0.00244236121662184,0.00363536796669819,0.00163828184237659,0.000748389696844668,0.0087911297691354,-0.00335017558887265,9.83350754486403e-05,-0.00275608008730946,-0.00692078642347787,-0.00500863410569122,-0.00465017973821823,-0.00441448432801611,-0.00247420327996767,-0.00605832525791164,-0.0076031627265772,-0.00366690294849313,0.00123466407711439,-0.0036779554638386,-0.00734402958143226,-0.00155022393323953,-0.00670022058291177,-0.00353429141614754,0.00166711518379045,0.00660295790571775,-0.0181196303544598,-0.00217021390308343,-0.0176577935368574,-0.0105133102138971,-0.00157691634989895,-0.00738066152177866,-0.00795577495032039,-0.000466931674212807,0.00328901413688578,-0.00567466313461551,0.0113288205133038,-0.00864055943722834,-0.0062414568827878,-0.00512460952253646,-0.00308528291430644,-0.0144828551016178,0.00304698702754175,-0.000138220149056379,-0.00193067505734279,-0.00558245692781874,-0.00473113050672006,0.00667285743792671,-0.00650440602211678,0.000373475783492254,0.00244898593262626,0.0112472017209676,-0.00346230406060685,-0.00481946523365854,-0.00374109267719373,0.00583098362353918,10,45,22.2,0.2,0.15625506650637,0.305359562306983,0.887252984643779,0.119854815965484,0.45608899622084,0.925734312907995,0.117963706716566,0.468889509889859,0.928845904865145,0.0766629613042463,0.482198317197836,0.921519120916746,0.201
"41","Corynebacterium_1 (RSV1453)",-0.0262543558210868,-0.00281447595508565,0,0.00132240845117778,-0.0231701950552404,-0.00354107631279897,-0.0109800276187808,-0.0134217212668519,0,0.000669379657241617,-0.0150743753792914,-0.00867291907146956,0,0.000565683089744191,-0.0179231315075607,-0.00961438074920743,0.00126785726465969,-0.00697496347054298,-0.00455480787691189,0,-0.019524337971623,-0.00281772055344637,0.00202371010363309,-0.0197142906002459,0,0,0.00266469939304216,0.00733962769806012,-0.015248550271096,0,-0.00304280518031399,-0.00100929866157064,0,-0.00201288075589292,-0.00261886591424467,0,-0.00114807728934838,-0.00921040404008165,-0.00698237763069925,0.00807719618797339,-0.0079011486887419,-0.00816127948862005,0.0138740432818715,0,0.000407911234445033,-0.00169354420868346,-0.0367502132979986,-0.00814286628934259,-0.00225577247314493,0,-0.00715631359467269,-0.000871231202201898,0,0.00850569417558727,-0.0154392602573795,-0.0170156858577528,-0.01354028899995,0.00153167564477809,0.00290116817847767,-0.00168063531763761,0,-0.00527503177611755,-0.00531165882614144,0.0126853908417091,0.00180589518269587,-0.0122981561039277,-0.00226375698301568,-0.000588680019207556,-0.00935371770377336,0,-0.00263148553757737,-0.000790341293287432,0,0.00754719427152756,-0.00909346548151107,-0.00855656948348749,0,0.00865398694688438,-0.0176136764196519,-0.00251913543346401,-0.0146385107934571,0.000302330422925692,0.00487239953153592,-0.00956710825222725,0,0.00260597897578851,-0.0159952343807556,0.00112949015622061,0.00204022580241438,0,0,0,0.00801331132516507,-0.0240713191627473,-0.00846914703293786,-0.0140039303301641,0.00226995107969449,-0.00165742114172436,-0.00387293019117043,-0.00543647824924434,-0.00376949659934322,0.00754426921617012,3,45,6.7,0,-0.19134991965113,0.207970234441867,0.887252984643779,-0.122114047025747,0.425066278400359,0.905916641825912,-0.0783792749590203,0.473313293728856,0.921239753715244,-0.0531424486401806,0.463941522804352,0.908713124664476,0.006
"182","unassigned (RSV2906)",-0.00388480021855871,0.00203509476076851,-0.030506669511785,0.00201371206721552,8.85079815857678e-05,-0.00687196519458888,-0.00765949197577263,-0.0094489557513348,-0.0145107834571882,-0.00362468224390672,-0.0224427232090523,-0.0209313810420774,0.00506319251709104,-0.0134421540255361,0.0404443673800438,0.00845212919669156,0.00534896383532237,-0.00799337024917597,-0.0133970092509307,0.000783760465210809,0.00179204890148259,-0.0148454779382939,-0.0039343528527772,-0.0185836253256233,-0.0104359382117976,-0.00922631216442776,-0.00667044877507081,-0.00930070037923788,-0.00691212448939024,-0.000190914266173117,-0.0287465156308788,-0.000164650759156886,0.00505525654563997,-0.0034737641469779,-0.0064998691764062,-0.00305948760991123,-0.0190949598669584,-0.00285363235485849,-0.0183063599398949,-0.00462263329475818,0.0135411113271057,-0.0125285012606439,-0.0339920476074637,-0.00278540016313264,-0.00419151265661665,-0.0035972983936247,-0.0227213908544626,0.0160088405220915,-0.0123922869598022,-0.0212566995667016,-0.00500510139131619,0.00115867661521565,-0.0116003871742942,-0.00621691734808062,-0.00550728172505027,-0.0264670429055717,-0.001077175973315,-0.00592469210583563,0.0030081104258783,-0.000102465806153438,0.00238406828844353,-0.0205795065486702,-0.000348339240002831,-0.00932586172847552,-0.0148456126465325,-0.00288532631372774,-0.00663242878711004,0.00026794297818084,-0.000680651031210333,0.0181612770378136,0.00215582545571487,-0.00495110589610424,-0.0004706391421298,-0.0214767078104865,-0.0114501690710458,-0.00886578874923195,0.000649597921104529,-0.0230432324590138,-0.00417535668808059,-0.0227241268678151,-0.015184410900423,0.0021055155710681,-0.0117838690761604,-0.00934439521715859,-0.00861833140991004,-0.00765713476075983,-0.0280785792121376,-0.0257646772758822,-0.0187871501689192,-0.00508727786451836,-0.00928474560962782,0.00193622712161244,-0.0217891683597528,-0.00760425043452171,-0.00620321285105284,-0.0171067216617946,-0.00809369190809818,-0.0170920686606302,-0.00696603203702948,-0.0215953706956045,-0.00437390927446945,0.014033638290464,9,45,20,0,0.127879589413157,0.402509676363342,0.89755031281021,0.0463508107017019,0.613549180596526,0.94720621767866,0.0236536848146553,0.624363134664758,0.953524834114826,0.011080564097789,0.60071213352805,0.94127268895601,0.022
"169","Streptococcus (RSV195)",-0.0070819059225457,0.00496039435198985,0.000440291195211183,0.00190615700577137,-0.00322595418990959,-0.00242949575464907,-0.0202440486191025,-0.00370737326264245,-0.0115810072500383,-0.0221128629392877,-0.027753087097307,-0.0148924989205904,-0.00721564675636877,-0.0182427883009511,-0.00102677452761311,-0.00137063385520092,-0.0101534103236858,-0.0364607590427155,-0.0036578236142506,-0.00823611012239338,-0.017406806251555,-0.000206102760578418,-0.0201532921092721,-0.0107696598289158,-0.00293548635631243,0.000511195724896529,-0.0146396848697037,-0.0163718879300282,-0.00408627445935033,-0.00212100118442399,-0.00616055232675775,-0.0154826917744243,0.000117879513377982,-0.0114679431962267,0.00278282987134766,-0.00371998132746599,-0.0289343874684267,0.00349447256642397,-0.0111248069861583,-0.00352754628758015,-0.00760264163940083,-0.0144489215006688,-0.00919682563472366,-0.00790861974158501,0.00355536968267921,0.00900953341759741,-0.00922556054558343,-0.00310666314908887,-0.0112177825686237,-0.00447228493321604,-0.0204371048122865,0.01161456084232,0.000511729026159804,-0.00307800145610214,-0.0139497048968585,0.00295541541442548,0.0122892839086733,-0.0129684677651452,-0.0291387066068174,0.00404744839123132,-0.00986436913929058,0.00680033192151788,-0.0113019651360482,0.00100727466009717,-0.015256251620804,-0.0142249085906001,-0.00120376633585114,-0.00395450792059612,-0.0151602974287285,-0.0105806626800677,0.00357565979985693,-0.0110087767421995,0.0189280143488602,-0.0167301800312517,-0.00293074405733291,0.000447540044360216,-0.00402936738059482,-0.00612589793034415,-0.019012459199946,-0.00343218264927019,-0.0433842352135681,0.00573912922757669,-0.000569959926531877,-0.00331491115547932,-0.00866099436545313,-0.00921837307585745,-0.00859913240571452,-0.00819271820846823,-0.00316941352825418,0.00526858920653072,0.00121329470590224,-0.00862168330709241,-0.0134294645579354,-0.0100048266051997,-0.00393907771055329,-0.0207207519337665,-0.0165976307141089,0.00589603446998078,-0.00851469176653082,-0.00122618220343375,-0.00459897917863605,0.00690936093743273,8,45,17.8,0.5,0.0288632620066566,0.85071106061749,0.959370452745787,0.0385948187134342,0.670979802817868,0.958754053156924,0.0361810683072584,0.586233548048597,0.952257719321273,0.0211969136307205,0.574761306872692,0.940970045365491,0.484
"37","Clostridium_sensu_stricto_1 (RSV94)",-0.000809769713168688,0.000345610394392822,0.00443519641061781,0,-0.000958317871245911,0,-0.00290451074961291,0,-0.000619209524002331,-0.00578255754527897,-0.00189200304494682,-0.00936436868660779,-0.0056220121680684,-0.00698672746260128,0,0.002968125740044,-0.00145846824473862,-0.00195509527290194,0,-0.0243875097068881,-0.0106826492100176,0,-0.00176507950260161,-0.00366848437234245,-0.00780127232366093,-7.3556697384983e-05,-0.0133879285307645,-0.00636486807044323,0,0,-0.00627009402130373,0,-0.000373133883500573,-0.0100356074603933,0,0,-0.0075737875270456,-0.00937448514101619,0,-0.00437647716384267,-0.00206242266652043,0,-0.018514924550177,-0.00445550649145767,-0.00158678646452776,-0.00561918773069557,0.000616573650722082,0,-0.00275892160912406,-0.00657616636186396,0,-0.0108547589208797,0,-0.00846982532757368,-0.00771853986781654,0,-0.000668678774751741,-0.00353494198512418,-0.00847086936858168,-0.00269089733444276,0.00235264893492039,0,0,-0.0177912911455113,-0.00335731130886585,0,0,-0.0109638989337012,-0.00304564420833002,-0.0265545744984819,0,-0.0109178614689558,-0.00431805109350146,-0.00102871330544334,-0.0065471502905621,0,0.000613033497700641,-0.00746396223601965,-0.0145861250886548,0,-0.0257419224631496,-0.00910761501738713,0,0,0,0.000347199305541505,-0.0191613549412302,-0.0023855190033331,0,0,0,-0.00211241138190926,-0.00184235439873171,-0.00741091751895364,-0.00452976381949171,-0.00637586785071462,0.00143185349411762,-0.0017007458556616,0,0.000752730513857349,-0.00510572970215559,0.00754180980969664,4,45,8.9,0,0.0515188879490521,0.7367974919289,0.959370452745787,-0.0082000430749035,0.62345258703596,0.952053981682835,0.0316545743293657,0.559626188131469,0.949187902878969,0.0204539942118958,0.545561036191808,0.935374132413056,0.006
"102","Micrococcus (RSV246)",-0.00403094659213535,-0.00791600248811982,-0.0262898868255081,0.00663258185501913,-0.00062228800303526,-0.0212955784621027,0.00367516029387158,0.00422547628981608,-0.00287629104294835,-0.00812547665128207,0.00964781662994793,-0.0136721886046002,-0.012563506312449,-0.00971026695103393,-0.00427598012310662,-0.00540537343853354,-0.00242888347867665,-0.0127721755421136,-0.0102933836193894,-0.0024002782182166,-0.00691176955728876,-0.00594996868333897,-0.00688361363115849,-0.0159041848555795,0.0169790496292859,-0.0130853751394991,-0.0034554805025827,-0.0252362017712619,-0.00679793177033233,-0.0112712933555628,0.00443374688112549,-0.0081196189922701,-0.0181699706756492,-0.0129164394969191,-0.00110602104968129,-0.00125804084010392,-0.00915097215874267,-0.00166672073055912,-0.0151914186527918,-0.00513669965157005,-0.00410533887291151,-0.0148612672797846,-0.0161531063541177,-0.00329745454341523,0.00308870628490411,-0.000770737065583439,-0.0144372886401873,6.17918855329858e-06,-0.00111553487565483,-0.00977342837592053,-0.00357995852403664,-0.00453616443363503,0.000237293946113619,-0.00948266924344923,-0.0104799565210812,-0.0024624902697689,-0.0189064502920849,-0.00363165983956954,-0.00410865408301623,0.00271695581247807,0.00748501508796712,-0.00774551499817132,-0.0206928319183753,-0.0099333907760451,-0.0263651390426682,-0.00708195977714891,0.00185593011467681,-0.0216431260934315,-0.0145021019441672,0.00730825427411505,-0.00673448630624372,-0.00387491490250626,-0.013765668340747,-0.00586115360848297,-0.0151870853306202,-0.00991916326729353,-0.00337798759597549,-0.00848126900879991,-0.00306702866307354,-0.00875506734640138,0.00226667219046573,-0.0134873202925079,-0.0201628624637093,-0.0117080735504087,-0.00299345181123161,0.0207599750749723,-0.0120762580486819,-0.0136457746254165,-0.00286592757104834,-0.00249091407694422,-0.00231356373768285,0.00323892553862125,-0.0127133024918715,-0.00135006419070907,-0.0169932476073105,-0.0235435046742674,-0.0082570365843442,-0.0337983012722088,0.0013778748946441,-0.00862255113256484,-0.00522529561482071,0.00930112139016161,11,45,24.4,0.1,0.129905125682412,0.395035938990152,0.89755031281021,0.104858323416945,0.497469940587399,0.932898712872517,0.0959252297825824,0.5092903641057,0.938966709414453,0.0627371739003203,0.506209528393967,0.928445573579878,0.067
"16","Acinetobacter (RSV463)",-0.0157253936969397,-0.0172568871897318,-0.00800185633626996,0.0156559836240519,0.0179352457417411,-0.0205325109191329,0.0195098975536364,-0.0420637395651284,0.022464862034855,-0.0145687727308999,-0.0201521601446826,-0.0373502042729556,-0.00448765165906303,0.00865549441455999,0.00588509234888965,-0.003679632675682,-0.0176629767928091,-0.0215347932657338,-0.0166807048991563,-0.00956379208183413,-0.011271644586596,-0.0556880089851284,-0.0106309781452569,-0.00456403622007363,-0.0136092086442125,-0.00206921601199578,-0.0119480367756054,-0.0337550090663883,-0.020541284456336,0.000272923873090711,-0.00497572008119074,-0.00857515599466404,-0.00756701371150464,0.0036664845073558,-0.00318835998043895,-0.0043853058302345,-0.00841308543728771,-0.025393135111956,-0.0105790104420128,0.00266208681731553,-0.00508708009655413,-0.0261674598977089,-0.0399291457441195,0.0138730596745401,0.00390194955822205,-0.00415994328470108,-0.0194442304727905,-0.0181944390358953,0.0783813786095799,-0.010538077671177,-0.0047482715796017,-0.00175146375570262,0.0101150512528378,-0.00362411220765023,-0.0180088930340517,-0.00764840949612114,-0.0406927007184795,0.00145710002609989,-0.0158718920369722,-0.0261200145373796,0.0108206846686992,-0.00535857049646197,-0.0432261821644638,0.00640626182465345,-0.0212559629078244,-0.0141199849035347,-0.0228474683421965,-0.0271764239053765,-0.00497400105079236,0.00783053092100418,0.00159768235409569,0.0234109180812192,-0.00265259052454365,-0.00554460080265976,-0.00716043187748479,-0.00573864939270494,-0.00649063056570839,-0.0157792951011797,0.00801047993714006,-0.0114599008602666,-0.0175388755125215,0.00866099788528948,-0.00758066991423644,-0.0265030729006572,-0.00639118424238714,-0.0138021667934813,-0.0374916143112538,-0.00596983405687491,0.0106629155735781,0.00491958232615914,-0.012427710262472,-0.00614171073877398,-0.0191611147677495,-0.00516272101142558,0.00374343207303159,-0.00259203602397306,-0.00853558472596557,-0.0145187760608617,-0.00226874906040833,-0.0101145605397126,-0.00524141577241077,0.0110574202916853,12,45,26.7,0.3,0.100393720430723,0.511714022546658,0.959370452745787,0.0150566496947239,0.741584700019912,0.963362582188749,0.0464498373382975,0.655814948595778,0.957669813567216,0.0294164476262273,0.653731098359926,0.950123970094058,0.438
"86","Janibacter (RSV219)",-0.0167027366445869,0.00877630527400001,0.00581552862196078,-0.0053187100085533,-0.0360552268482351,-0.00797915198071252,-0.0244041009294474,0.0541019400799191,-0.0111248174051325,0.00428850180529079,0.00519357600501473,-0.00863677492088093,3.3950591978918e-05,-0.00101779675520658,0.0109136626326644,0.00687864744181778,0.0121641758384468,-0.0106715696994181,-0.00634524696646144,-0.00125521512806315,0.0174232382562462,-0.00695559973434339,0.00680132191556676,-0.00861895685809751,-0.00470742699714148,-0.00283896211586707,-0.00822084293950691,0.00627254286677774,0.00880897661403986,-0.000929496601299354,-0.00161735222655929,-0.0109911777958638,0.0120157595806196,-0.0176496992852341,-0.00204423225801215,-0.000844539857987433,0.0112387745932764,0.005133794985703,-0.00920490899291606,0.00885307585826372,0.0265139130850854,0.00713919195366306,0.00574212410563842,-0.0058041686334971,-0.00392893988098062,-0.0016685947075212,0.0123578649535091,0.0093658842117019,-0.00762219276341492,-0.00252937146351051,0.0557210593187881,0.00481347529698734,-0.00952229372885458,-0.00920044625391056,-0.0234094279813649,0.0309835885463458,-0.01335785378555,-0.000598147135714394,-0.00739731779934842,-0.00598051344429991,0.00169641633870079,0.015397025676011,-0.00259677184421971,-0.0118047082021851,-0.00332759040661202,0.00564456936607423,-0.0129407432039642,0.00784494968636256,0.00682418216429762,0.00260609627435015,0.00179700716595545,-0.00362102379600779,-0.000741220725526525,0.0237432855468912,-0.00817893502866944,0.00530879144728942,0.00070036035847547,0.0179757458769442,-0.000658787640839285,0.00389264065111325,-0.0163272370371523,0.00360625275583439,-0.00244075214246723,0.0320172388842042,0,-0.00199643142223565,-0.0134574046609302,0.001860240960259,0.058604535036855,0.000143986927459104,0.00160882069112847,-0.000518086257114965,0.00696568327199169,-0.0174429540082482,-0.0292415949347223,0.00123398518583301,0.0026871671724882,-0.00419827419742588,0.00143957569454089,-0.0208283810626748,-0.00558591939432222,0.0123863495032056,6,45,13.3,0,-0.239506709011649,0.113055213970679,0.887252984643779,-0.158006487520805,0.366729729473143,0.88832567906966,-0.134435944637935,0.415130184946519,0.911841984667451,-0.093260097256712,0.403721918117914,0.894042831888201,0.024
"38","Collinsella (RSV12)",0,-0.00975651040596601,-0.0112907688229813,-0.00721290051318718,-0.0050114957111987,-0.00594513221024795,0.00110147864314165,-0.015098981608992,0.000404804823629202,-0.0098278703334127,-0.000103278472552249,-0.00945464441184842,-0.00704967486348488,-0.0147910027764611,-0.00382529326591566,-0.00237349061742102,0,-0.0086647780189224,0.000896403899992076,-0.00471769711261558,-0.00851884765524381,-0.00124390560643746,-0.00286552553691824,0.00122417477536903,0.00144810543884911,-0.00023284067668675,-0.0123905107905781,-0.00183773815838136,-0.0058823263258787,0.00208097728587832,-0.00594837276566692,-0.00201989099660016,-0.0141659256540603,-0.00387432933112296,-0.00212487706241971,-0.00435409994536429,0.00294792921374551,-0.00313067416866384,-0.00329740770262259,-0.00458180314579526,-0.00399816945524177,-0.00449778300661414,0.000524713809496098,-0.00416571520708463,-0.0101116331221985,0.00149311708846395,-0.0279623039830719,-0.00324827877963783,-0.000157751301047114,-0.00829525978210921,-0.00040388070260049,-0.00978541655852299,0.0015294130756581,0.00196100509362406,-0.00864570409661505,-0.000829574700319684,-0.00163143473278677,-0.00321057664348581,-0.023823556928601,0.000454184803430323,-0.00625026646190342,-0.00358980368151588,0.00289771330787674,0.00303919694355942,-0.0142844951975358,-0.00197830818687853,0.000296713051378571,-0.00925962094679816,-0.00654433282815717,-0.0190464306672112,-0.00182749609693956,-0.00075166013944445,-0.0109733341245596,2.98137248174442e-05,-0.00573076911017462,-0.00171028135054686,-0.0147792280141044,0.00593828311663743,-0.00130275589417535,-0.0113037005621398,-0.000717810068307888,-0.00457188297489206,-0.00259507075330456,-0.01007910736688,-0.00198579757002044,-0.0040810785182231,0.00312004273917443,-0.00570085029189718,-0.000554067378728998,-0.00229684929500285,-0.0138346882802434,-0.00110627990161884,0.000896947433036225,-0.00203892306793525,0.00403657510491657,-0.00307414550456241,-0.0172512259751669,-0.00434030581898046,-0.00780017356683268,-0.00882746945240064,-0.00562986514268457,0.00577424508119273,6,45,13.3,0,0.00802891532453973,0.958253973002974,0.979995712162033,0.0004481693945797,0.596586642922347,0.946730284797828,0.00908284202113869,0.572157518910074,0.942574668084023,0.00918374856036435,0.568515895775435,0.935231709247495,0.011
"3","Acinetobacter (RSV145)",-0.0399900023516745,-0.00489682023130242,0.0047388747717183,-0.0135127343961023,-0.00778788773806828,-0.0061433597970911,-0.027110564325983,-0.0219400800563713,-0.00945315730673091,-0.0216094134857101,-0.022058157896614,-0.0404951786322399,0.00513695311826376,-0.0367398671429211,0.0033786776168128,-0.00207931611572855,-0.017715922703334,-0.0141144360878384,0.00409682156629212,0.0161597185850053,0.00429382528258775,-0.0017571780925642,-0.016987639531775,-0.0147316269043099,-0.0104792406643955,-0.0129532407091351,-0.0160238648205341,-0.0351918142237111,-0.00345047674780889,-0.00836411954182801,0.00464512054683088,-0.0203464094153814,-0.00465346318953028,0.0240504709455796,-0.0186289917359794,0.00150480045570029,-0.0045319100878324,-0.00580596464365182,-0.0228902047406375,-0.0111965479307483,-0.00798153962309332,-0.00198311122082228,-0.0266512446760119,-0.00192480319896356,0.00697824262465618,-0.0145678674313336,0.00153781898539741,-0.00993483955052777,-0.00839399019595587,0.0158923263421073,-0.0119447448751867,0.00712317494390202,-0.00763869397771949,0.0100876841235512,-0.0246804474221623,-0.0179328179139002,-0.0148803184121363,-0.00949121792035992,-0.00294506017125341,-0.0103716096796244,0.00500564941540038,-0.0202951283163797,-0.0042002897780551,-0.0225525120956352,-0.00553531053215881,-0.00518183646675568,0.014215184460108,-0.00357513366382181,-0.0130492709260808,0.00565096295103989,-0.00654642295676505,-0.0129001765706826,-0.00646005134649998,-0.00249234680549128,-0.0144698741632763,-0.00120052093482479,-0.00479144409768151,0.0086444597854254,-0.0109964091582949,-0.00671423807851795,-0.029302187782367,0.0115886953298702,-0.0187267064003602,-0.00168618443504718,0.0152139543284609,-0.000207307248211133,-0.00570401360251851,-0.0108298652441682,0.00694994046398558,-0.00877962575661171,-0.0054511849501835,-0.00912294162747125,0.0343499693418507,-0.00906984765966785,0.00159722458311774,-0.00328227135109574,3.87802342889352e-05,-0.00562985778277125,-0.0248714331449689,-0.0302116317682894,-0.00569789157330852,0.0133018668572983,13,45,28.9,0.3,0.125371484793777,0.411876344087561,0.903796330179714,0.104600036958062,0.509030223104077,0.935887337867544,0.111659351674352,0.484276511127261,0.939497571080317,0.0774533011115066,0.477070703767718,0.92595274828839,0.322
"188","Veillonella (RSV190)",-0.0157024671259163,-0.00169091152181357,-0.00149846587380741,-0.0141118389174467,0.0010335323025165,-0.0256739954860507,-0.0100407243815125,-0.00807459186270452,-0.00769136178114047,-0.0191845933518529,-0.0109115025475959,0.000313423094331895,-0.00603173486986605,0.00409913255546245,0,0.00487617660271373,-0.00767914175433495,0,-0.00891911244705357,-0.0171065078703768,0.00556735209151348,-0.000429873257618496,-0.00182091802626582,-0.0019267316358177,0.000640675379979369,-0.00872203310510705,0.00118965967495756,-0.00805669309174725,-0.00330115136622802,-0.00471130693675562,-0.00397334584883166,-0.0233520702436785,-0.00436000284776888,0.000214110488097699,-0.0128068847046478,-0.0144015171971169,-0.000106320284724731,-0.00820267518227302,-0.00489649684569163,0,-0.00728557633353819,0.0206799640726854,-0.014986926482775,0.00205138339032486,-0.0136664970777397,0.002425899821926,-0.000472284267303775,-0.0167595859158843,-0.00314303206496419,-0.0091084775212754,-0.0303308371089502,0.00353817510360077,-0.00535288894431064,-0.0117409800829489,0.00235018450946124,-0.0125582640492708,-0.00439528113820672,-0.026526411527952,-0.00228153355907471,-0.00436274978907054,-0.00334022461528719,0.00487229512779918,-0.00664067214230068,0.0334245747389588,-0.00455823599161572,0.00603187607922082,0.00191963758048995,0.000672182115581351,-0.0088741777491454,-0.00520565988565677,-0.0025605088796206,-0.00256137419874529,-0.00262811032328667,-0.00758155810602841,-0.0148276575977379,-0.00429421463369959,-0.00315714376649804,0.00486059899576278,-0.0167949996673147,-0.00466829265278308,-2.29403953606777e-05,0.000145531899636078,-0.00217639026176505,-0.0046576323862906,-0.00299406713060749,-0.00330388019463105,-0.0171142112737457,-0.00926981489417784,-0.0131227261885102,-0.0041580783130692,0.00176659434169822,0.00409840636569801,-0.0115229399119318,-0.00100120196619537,-0.00135133186215697,-0.00202309475476243,-0.00503023236347967,-0.0109563842064726,-0.0179702664162232,-0.00377062723784968,-0.00592282878656192,0.00637798687497156,6,45,13.3,0.2,0.175281446259922,0.249453106814362,0.887252984643779,0.184056403447851,0.276386247661144,0.884420807486037,0.0926433414947676,0.499163378809337,0.93571420268346,0.0657562719640545,0.483073980100381,0.917806719327226,0.23
"142","Staphylococcus (RSV130)",-0.00367536880732369,-0.000958502039516361,0.00074306954165315,-0.0292716057986866,-0.0159236907778748,-0.000351607823586269,-0.0261112889668913,-0.0327696440610497,-0.00282918554560622,0.0110362277256043,0.00190455056515842,-0.0570449042219349,-0.0121468564113358,-0.0260585985426865,-0.00526071494659164,0.00918626743061439,0.017021536452699,0.0257370258177932,-0.0241619335008619,-0.0178373150886065,0.0164348993978696,-0.0163367500478695,-0.0241890791676934,-0.00770656649136937,-0.0130821284970813,-0.0228680844419798,-0.0135489637773072,-0.0116601073801341,0.00213185618860085,-0.0184701916178827,-0.0142514076936614,0.0140633397109315,-0.0207327664091685,-0.00956650738574188,-0.0176999729410695,-0.00942123861104554,0.00646407534571596,-0.0400930241077687,-0.0244738329028274,0.00144465939840358,0.0109358394554854,-0.00551806304506735,-0.0058286172784378,-0.00768876101688321,-0.0356191610435816,-0.00354146772924139,-0.01177436857135,-0.00282423778533706,0.0037625323519151,0.00812766457141981,-0.00873315382676913,-0.0187482176199753,0.0326714912299741,-0.0160945270557117,-0.00805611409339518,-0.00293639197363984,0.0253098668791341,-0.0091689654301943,0.00594787629020358,-0.0138363968242532,0.00672780160240223,0.0128006466595502,-0.0130443654675899,-0.0518377298192541,0.00933001237187644,0.00769741333109876,-0.0116866516384968,-0.00854268251453217,0.00171859590212183,-0.022606054271538,-0.000548477650342216,0.00182607830708711,-0.00555499105802359,-0.0340792754811375,0.0176195252874115,0.00517447107921573,-0.01057916760542,-0.0162768282902404,-0.0137366346765339,-0.0103761364493331,-0.00455499314533548,-0.0198006263642714,-0.0168001216897783,-0.0180762341133017,0.00350652540320764,-0.00400778121834148,-0.0382301463265921,-0.0155172525252841,-0.00893957792034318,0.00468157905328493,-0.0221529739132972,-0.00489763190548223,-0.0297843834253238,-0.0188328839838173,0.00511718009003748,-0.0165783157494588,0.011088674944436,-0.00340872257726365,-0.00066761467326258,-0.000746092254375092,-0.00593252974521685,0.013598094583599,32,45,71.1,1.2,0.0665603676575959,0.663984758516076,0.959370452745787,-0.00457340051007792,0.841958924947286,0.976992408147687,0.0482462285121485,0.753822622803178,0.966756813135498,0.0397382855090464,0.703464911416032,0.95402415748037,1.293
"171","Streptococcus (RSV232)",-0.000570441961339895,-0.00304875951001727,-0.0106575212028762,-0.00135067530368376,-0.00481312285058356,-0.00119209078631762,-0.00891237387443965,0.0128747577030179,-0.00274627338483559,-0.00800161233036018,-0.00892081078516137,0.00577410035569265,-0.00912078125575783,-0.0105528921726801,0.00391758593881699,0.00130780722135201,-0.0126208480696745,0.00269979464303723,-0.00546860814799988,-0.0209027174739967,-0.00263672181699872,0.00358289094182492,-0.00481525446336895,-0.0148319717506229,-0.0117006929213471,-0.00155674412132511,-0.0115627085695832,-0.00576557780420518,0.000195666520300811,-0.00858749224285794,0.0061209591857272,0.000809921564355088,-0.0130815059578092,-0.0147778868592439,0.000525736727875201,-0.00627213271697039,0.00804638428838916,-0.0138023088489789,-0.00465149565709787,-0.0127769681537107,-0.0131830804124713,0.00459913295941274,-0.00515281916914037,-0.0191305274433535,0.000637813008095856,-0.0228478860321642,-0.0154205305009834,0.00701017319936616,0.00536055773844499,-0.0119921570202757,0.0123641995607652,-0.0140130253001232,-0.0171881018695771,-0.00821243291940246,-0.00671041699158559,-0.00720631556736033,0.00528088695828096,-0.0213855081449284,-0.00100937075534837,-0.0101951085671189,-0.00132755081633423,-0.00233947423758323,-0.00109282913564277,0.00593993059570001,-0.0106856780932438,0.00069218969864852,-0.00736435634504005,-0.00350860685796647,-0.00705024032849105,0.00554564150567598,0.00349734519654435,-0.0025864606440523,-9.58998993142066e-05,-0.00256464591382116,-0.0237220226211992,-0.00774421469843946,-0.00755998679972354,-0.00292855139255853,-0.00584091730454138,0.00980972419334966,-0.00136134334349089,-0.00612131895056383,-0.00144211508318175,0.00058863225796849,-0.0116694746443101,-0.0142882305329237,-0.019478007021394,-0.00723842110505886,-0.00181158091246793,0.000670915498393377,0.00280343264466925,-0.012946569371098,-0.00475746598490609,-0.011388426380095,-0.013082392725173,-0.0183817020262807,0.00170362557912615,-0.00364494846967324,-0.00436362923449722,-0.0028683442513469,-0.00683003920074511,0.00856476105888852,11,45,24.4,0.4,-0.0496179144329513,0.746180185202859,0.959370452745787,-0.0507438604882868,0.668843694814951,0.957289359709223,-0.036690646319325,0.630482212304481,0.955215672621184,-0.0252434534438931,0.632968812435642,0.944179332484949,0.428
"173","Streptococcus (RSV314)",-0.00143653254850877,-0.000755175236477108,-0.0236527560361718,-0.0117742777730512,-0.00864294663397721,-0.00937044206635363,-0.0237982170500814,-0.0125771885919264,-0.00289258656001468,-0.00139349278440001,0.0117257829416225,-0.0144688940340015,-0.0115008150984579,-0.00155818141512951,-0.00250694000751255,0.0110685287668067,0.00185800030684085,0.000774344495525024,0.00217246794931838,0.000133628616253728,0.00384385897918252,-0.00641082265116712,0.000486373149063102,-0.00978415257071041,-0.00780653734458763,-0.00515982317385038,-0.0166240461706024,-0.00204032647810352,0.00393847717409097,-0.015715407381701,0.0041552660674871,-0.00869612177850845,0.000336250502809251,-0.0180085151392424,-0.00300635106644406,0.0143556245650389,-0.00811899044154929,-0.00844098170351515,-0.0127525456832493,-0.00802737690084537,-0.00269020259571247,-0.0021558828145242,-0.00170823946943492,-0.0130167443873366,-0.00266136735434636,-0.000281279878415909,-0.00546536349053176,-0.0102722261349118,-0.0161148219598934,-0.00531058077897266,-0.00960645613086804,-0.00297356331215602,0.00103707574529395,-0.00705094723212504,-0.00595468547497587,-0.00673891204907938,-0.00902899395028025,-0.00855497248636751,-0.0170449048214643,0.00015130733010554,-0.00992081123459851,-0.00452361466899797,-0.00298840973732215,-0.0108129292783329,-0.00938375496485823,-0.00497066380978171,-0.0135794543303634,0,-0.00769127154928775,-0.0220175271225219,-0.00132200293914789,-0.0101692049929985,0.000380912253961244,-0.0146144242470388,-0.0257855922153904,0.000532615724395251,-0.00619753907256441,-0.0260757112510981,-0.00301267087461932,0.000606723358238207,-0.0131200452535041,-0.0076944080512576,0.00225261686085419,-0.0098431775524688,-0.000775675907185511,-0.00341721826126754,-0.00655391856152041,-0.00334886398645446,-0.0247838711033186,-0.00194770245604198,0.00731582110970948,-0.012209568218588,-0.00453845990899086,-0.00375475385016433,-0.0204753312657354,-0.00610089888560856,-0.00853464815474218,0.027115735521699,-0.0040652221633715,-0.00677335549490345,-0.0073646482924901,0.00780670208895193,7,45,15.6,0.2,-0.0290343240141852,0.849836401295967,0.959370452745787,0.0147913591633794,0.683335693917298,0.961901942600845,-0.0194319081934732,0.595415339066603,0.951311443101643,-0.0136254582771671,0.580254571104468,0.941020723275473,0.196
"81","Haemophilus (RSV284)",-0.0168032531670854,0.000179575811348003,-0.00879287402779963,-0.0332299344062908,-0.0231135084398313,-0.00424991487859196,-0.0121024904128328,0.00335327592871752,-0.0159748618516735,-0.00229080491197073,-0.00923962121862877,-0.0200402589609469,-0.026226067331094,-0.014668144292347,-0.000562921355506111,-0.0084562462953011,-0.0141015658568708,-0.0128083994226392,-0.0108400555496856,-0.016527692127024,-0.0308927930047811,0.00573798299049707,-0.0123223659421866,-0.00607242660397272,-0.00781142984735862,0.0196352724888118,-0.024075749804096,-0.0224486981421703,-0.00497143765532604,-0.000533533764313322,-0.000513337187132302,-0.0194626207510932,-0.0195164978252738,-0.00921366484750713,-0.0104433016236899,0.00243596863178631,0.00244338539820006,-0.0166257726137218,-0.0175225992430736,-0.010273245737132,-0.00997511781286153,-0.00636626056950434,-0.00867628904478155,-0.00101903185507403,-0.00172496215591537,-0.0015587205853362,-0.00888636367517236,0.0136405408345403,-0.0029638123695912,-0.00772113476500867,-0.0170325748777919,-0.0299867313473952,-0.0361197014660903,-0.00205165386648418,-0.00378753881065063,-0.000199447105331504,-0.0334078342451605,-0.0160339753511366,-0.000464176382985376,-0.0147210604381497,-0.0211158840439655,-0.00888239437576746,-0.0120770026322818,0.00631284228112265,-0.00900207942640632,0.00291152631147595,0.00455837176944141,-0.00943779753568431,-0.0164397663867517,-0.0134986039345173,0.00874291133207989,-0.00422997967075044,-0.0179550869967893,-0.018210042551978,-0.0162038648247581,-0.00781950989410774,-0.0235342875113669,-0.00134151285629195,-0.0199404264535581,0.0215305124540336,-0.00575855052624188,-0.0243930163934777,-0.0178281714680358,-0.00614656802081616,-0.0038122586512186,-0.00954064777663754,-0.0238239675395856,0.00196478340886357,0.00501441450132015,-0.027003300813809,-0.00129473304355744,-0.0149864162340269,-0.0333875923070312,0.0050244388176879,-0.00552664124918582,-0.00470748402466473,-0.00776262530408553,-0.0448617582647416,-0.0173368328138297,-0.00779918241171862,-0.00804132764170653,0.0100360318624099,9,45,20,0.4,0.019142923993197,0.900672093338173,0.960057066525305,0.0183121100051463,0.725353190103277,0.965691636303688,-0.00902416334096132,0.635137514523812,0.955060906760356,-0.00788759127645751,0.617301096115778,0.943025985350165,0.4
"132","Rothia (RSV291)",-0.00678422849393068,0.00188038895609361,-0.00660934354044418,-0.0533127244326955,-0.00193620192210844,0.00111625268545423,-0.0136353147312984,-0.0146856537160189,-0.0101939276669104,0.010988390025722,-0.00904169293318718,-0.0275331012514366,-0.0145934961239259,-0.0026634730133716,-0.00657919276550427,0.00116566916833713,0.0055437843716081,-0.0165629700835216,-0.0154644810550667,-0.00708783787656298,-0.024418479885503,-0.00521525301231338,-0.0118774702781134,-0.00142035341513855,-0.0158687266710994,-0.0224023010440277,-0.00846205777664539,0.000123848722298988,-0.00151727314504373,-0.00198075190367086,0.0214000055656228,-0.0113104598138681,-0.0210342400409338,-0.0167317327771134,-0.0192446708698631,-0.00493511564799343,-0.00638991757697431,-0.00564205183281519,0.00524195816017057,-0.00630131115169016,-0.0102572978623122,-0.00342239832284494,-0.00567208036496101,-0.0133033046359833,-0.0102148648353535,-0.0274085941358084,-0.0262191268767925,-0.0176969175528417,-0.00597231844536711,-0.0287248323860258,-0.00367584195977973,0.00639918525147625,0.000499620957944227,-0.0169620641595322,-0.0141721258239725,-0.0114139760989199,-0.0335546502715334,-0.0177886234315834,-0.0061454444144171,-0.021556896050468,-0.00568237194323608,0.000404253190854703,0.00166448270173546,-0.00313706783168158,-0.0121922332343897,-0.00373432075139448,-0.00807291467359816,0.00911191147243069,-0.0184881863025729,-0.00263290097254154,-0.00551677768234227,-0.00704879003234526,0.00422511348809721,-0.00582698757898756,-0.0267041562398473,-0.00331271175825361,-0.00221126820483413,-0.026656164066383,-0.0207155512731196,-0.00779932042096091,-0.0244795943745463,-0.0212184006956208,-0.000428979009126777,-0.0102553030853143,-0.0181651673504162,-0.0113769049383054,-0.01846324032964,-0.0157497106005771,-0.00266281993232574,-0.00276037588468774,-0.000230381665130036,-0.020750903881029,-0.0297518141647618,-0.0201465184386637,-0.00790836525854539,-0.00209566839363484,-0.0121660979142589,-0.010091798980318,-0.0120839100244137,0.019078236576498,-0.00908816525077438,0.0115178863063372,16,45,35.6,0.2,0.0574310602104036,0.707863097709279,0.959370452745787,0.0572825765923029,0.660721347144188,0.959277842575606,0.0559135760553244,0.633728397115718,0.954808881739533,0.0376359816217341,0.637579257251772,0.945859893543328,0.222
"79","Haemophilus (RSV126)",-0.0111005837533618,-0.000312074962731246,0.0137632463226636,-0.017544903979812,-0.0135062205646218,-0.0240804832771099,0.00284709307449777,-0.00212290911968175,-0.011062131107722,0.00115077690820859,-0.000841239517905044,-0.0083152332182062,-0.0179149091696055,-0.0018716972755539,0.00852622123767103,-0.0256228675627132,-0.0424186216238508,-7.86758254551548e-05,-0.0347095973896097,-0.0135080690700566,-0.00664541432040305,-0.00661178176658229,-0.0136223189330615,-0.00107098092647155,-0.010222979184224,-0.00148007047289648,-0.00157295460999606,-0.0192763676545485,-0.00695003341220109,0.00247351989407668,-0.00454350703333457,-0.0071425268456134,-0.0057251586094259,0.00458370710317691,-0.0162157577970394,-0.0127518375797093,0.00434037211221548,-0.00476188100290757,-0.00909728708599379,-0.00215084824955461,-0.0215819766097175,-0.00540666527709059,-0.017894066954967,-0.000925930828725996,-0.0350377102650301,-0.00236987803201607,-0.000699081712423092,-0.0156543654504964,-0.0131019904020765,0.00608991073919738,-0.0246919321670028,-0.00198525066465442,0.00259919405825276,-0.00439785355557745,-0.00239954425191049,-0.0132719491962797,-0.00780030790584773,-0.0150748766558567,0.0100318940795825,-0.013511324885923,-0.0191619939337764,0.00517490841194583,-0.0037591615869791,-0.0028944018734145,-0.00826619599339835,0.00555119017519518,0.0350615939220211,-0.0102579874883693,-0.0111369312701458,-0.0227950459046143,-0.0176887629012296,0.0157437039746289,-0.00746455033837344,-0.00424185368713426,-0.0110033295985827,-0.000644907676905066,0.0156902718961422,-0.0104810264819625,0.000668737947599216,-0.01055516572622,-0.00720512812479115,-0.0220939446037025,-0.00324536964810035,-0.00599420057677737,-0.0122944973536661,0.00500969609432195,-0.0120780383389459,-0.000757086969623442,-0.0374163000011834,-0.0125035798773458,-0.000911334191462281,-0.0154475421248067,-0.00869260519926936,0.00203741462407551,-0.0176151890239576,0.00297943903318587,-0.00342394803739561,-0.00340953304751212,-0.0113202485492665,-0.00408347933803966,-0.00937142541525155,0.0101788572301023,8,45,17.8,0.1,-0.11406919299891,0.455602796794122,0.912020214324925,0.0413400437994973,0.642158636803719,0.954577750980537,-0.00568153747191028,0.612508900891605,0.952737994901002,-0.000837760195695887,0.593788694455851,0.941263054796781,0.099
"193","Veillonella (RSV49)",-0.016710861663135,-0.00435252052688227,-0.0229911350980883,-0.0182445008305391,-0.00618747974696611,-0.00579140453357348,-0.0213375266040731,-0.00794186153587099,-0.00236336111688358,-0.00307487694032554,-0.00325215460387355,-0.00446509704079021,-0.0147668235398869,0.00432849425523447,-0.000760437212887595,-0.00230762266350612,-0.00360331801151814,0.000229955519116087,-0.00771745825750619,0.000198219550317239,0.000863547883349192,0.00223369160289017,-0.0116807827772857,-0.0108739533002127,-0.012429679166499,-0.00919876355769039,-0.0322863882876756,-0.00739755011657557,0.000121858411831475,-0.0163853400315135,-0.0229132624283365,-0.00813793058147399,-0.00398883382922392,-0.00952007936079303,-0.0143787077946749,-0.0130769781945787,-0.00854330116122703,-0.013647298698299,-0.00379998924998837,-0.00259385891904174,0.00438773712905307,-0.00521700796390069,-0.00706280500449109,-0.0213350946282423,-0.00822365216525506,-0.000390170253757817,0.0409041360965276,-0.00694659538515812,-0.00725224560005962,-0.0124900212113775,-0.00458103089318832,-0.0136434912038637,0.00200854324704811,-0.00372302950352367,-0.0287987602874624,-0.00214906664575884,-0.00985373028714049,-0.0045294161986482,-0.0164123852117294,-0.0168620887009613,-0.00763451005168852,-0.0121308846733339,-0.000556993770864586,-0.0182607332587525,-0.0176109321195964,-0.00257528031814434,-0.0238463884896246,-0.00137429156139932,-0.0161583981168744,2.56385646974226e-05,0.000105896529587754,-0.00325722603226938,-0.00149964246566394,0.00196618957175889,-0.0011573984792207,0.00702503513348108,-0.0143895576461389,-0.000360929849144094,-0.00094255610016874,-0.0121794382961383,-0.0122587461967208,-0.00860822644145233,0.00033146173751581,0.00313530563250483,-0.0228553521959067,-0.000981470417537161,-0.00010580633469668,-0.00185001581526858,-0.0111913948916618,-0.00147598997895652,-0.00436359482674287,0.00395790157434131,-0.0133107802745352,-0.00063154304552064,-0.00756442775475995,-0.0144359679348057,0.00127393583467047,-0.00870608134267192,-0.00572807096496488,-0.0113149301166482,-0.00980597565015884,0.00817123087414558,8,45,17.8,0.1,0.0739428795217048,0.629289265046509,0.959370452745787,0.154782171742558,0.377490638433376,0.903271190261852,0.0841421390227554,0.512875509012267,0.9424489302241,0.0564460690345286,0.500864218951395,0.928117170149285,0.053
"78","Granulicatella (RSV243)",-0.0119246524380361,0.00480275268361875,-0.000557161604550392,-0.0559502693032858,-0.00940495133090166,-0.00529924279190673,0.00351047467521398,-0.00480658012860983,-0.00518255377071756,-0.0436689952173995,-0.00499085884212938,-0.0430508097023299,-0.00539499917550278,-0.0232455419097828,-0.00276884326948199,-0.00437390654292749,-0.0179277378528424,-0.0111700869245539,-0.00901472027816522,-0.0225195909856231,-0.0523367114118991,-9.49499335383304e-05,-0.0055635760458784,-0.00460204563683276,-0.00518381707975946,-0.0207113709830639,-0.0115259326423541,-0.029581096759303,0.0019639083849937,0.00263359230478087,-0.0258188028352654,0.000218027404134818,-0.0212670360793646,-0.00984782400098316,0.00486587907117665,0.00544563882126568,-0.00554348443405476,-0.0254844359296239,-0.0282820330925573,-0.00973549807680811,-0.00642327657535435,-0.0125713566348092,-0.0146232825152405,-0.00375496432373794,-0.0122140142857468,-0.00585736057242816,-0.0108134358132406,-0.0156810128909585,-0.00360408133026493,-0.0135174709883491,-0.0168703996374587,-0.0149815502097631,0.00247699722556247,0.000704035330229669,-0.00658777009871281,0.00325363966436829,-0.0159926488293238,-0.0162796856115278,-0.00406957676888954,-0.000561041951351807,-0.00918983437511836,-0.00327825902093443,0.000565526160598262,-0.0194101740688329,-0.0287496659535176,-0.0203570148712771,-0.0120489753527887,-0.00163156440967228,-0.0351713405879056,-0.00703031888767626,-0.00186847907696666,-0.0187882579348983,-0.00981005002519148,0.00397311938441329,-0.000689087000457128,-0.0125757217854159,-0.00264574556844654,-0.0135463138813533,-0.0393422301250329,-0.0146668274262032,-0.0135468410059886,-0.0126031856524549,-0.0258678651104868,-0.00777442536191559,-0.0137323350967059,-0.013864435293788,-0.00228091096702203,-0.00119398024638344,-0.00409454025071729,-0.00592042236586933,-0.00482541719231379,-0.0185271002488842,-0.0208720234426538,-0.0117397947666852,-0.00134966967833036,-0.0259780943330982,0.00486202780207766,-0.00507273022123408,-0.0125733143387879,-0.0077518873479413,-0.00992763678324389,0.0113417174495545,11,45,24.4,0.1,-0.00235887123664004,0.987730206014582,0.987730206014582,-0.0224793408417369,0.705922942292968,0.962843753148559,0.00539123242261173,0.672840533864382,0.958394274270291,0.00325620000591232,0.656728525752376,0.946201554113348,0.1
"183","unassigned (RSV3125)",-0.000821814277802511,-0.00302542819277816,-0.00625264708751473,-0.0124358112095866,-0.0112742023963529,-0.0127228711516199,-0.0436656497160952,-0.0128532741623106,-0.0158046731758484,-0.000291502395101784,-0.0038633300675405,-0.0150633316314625,-0.0268837241218071,-0.00657153977812011,-0.0117757932255443,-0.00693208713181014,-0.00741306283010339,-0.00406630256921218,0.0117085409752836,-0.0173729212109205,-0.00628440586897606,-0.00204955147993759,-0.00108686124272338,-0.0150855944093127,-0.00226785594531143,-0.000802417611029136,-0.0169216422971763,-0.00893497667841477,-1.25171484287977e-05,-0.0288418806813023,-0.0268144357620167,9.93587174727381e-05,0.000966889819680765,-0.00768200149648246,-0.000654681061866665,-0.0245434435215407,-0.00302810325904927,-0.00615416879392497,-0.0331568728887513,-0.012871674461188,-0.0268501598508872,0.00177481833468351,-0.0140163194389543,-0.0157841430815238,-0.0102201910008906,-0.00892460302506469,4.27146985729589e-05,-0.00216977994882269,-0.0132537042161857,-0.0055407964751094,-0.0145142315729929,0.000806312562921972,-0.027699176766534,-0.0181482415468667,-0.0191733753358374,-0.00180394447167792,-0.00528107292363639,-0.0467986771076874,-0.0105876570718822,-0.000695774250208518,-0.0137303524406264,0.00102574744467685,0.00267807380403627,-0.0196833498090021,-0.012113595974218,-0.00123815061038791,-0.0151456147728715,-0.00676594794977558,-0.0231472490750337,-0.0114659237390373,0,-0.0160342033279935,-0.0208707977891131,-0.00415911282737466,-0.0255834173943601,-0.013231251231765,-0.0166377444466924,-0.0066721071056845,-0.000927971672635347,-0.0147934902931811,-0.0187468050692457,-0.00825446463444843,-0.0134188878273528,-0.00712108106789857,-0.0105586614085572,-0.00493643362469493,-0.00841082735889363,-0.0225338395369352,-0.00665888158751576,0.00544401651365734,0,-0.0010761912731114,0.00129963032745815,-0.00747432450106555,-0.0102995135238774,0.000934726629611208,-0.00211928950016064,-0.0207581511761988,0.00456760686225089,-0.0167205005367601,-0.0108535867397984,0.0085728377757582,6,45,13.3,0,0.0501759865247868,0.743421856212676,0.959370452745787,0.134576515453762,0.41230746998564,0.908565103933661,0.117825760345623,0.45271839268134,0.930598796871461,0.0856570283108682,0.430291831820322,0.910922556572026,0.008
"148","Staphylococcus (RSV400)",0.0135787292651608,-0.00917346589263863,-0.0177058301489116,-0.032312738057229,0.000378047991552257,-0.0341703624832346,-0.0109143427194659,-0.0391485466360104,0.00784328751932954,-0.0207385677679603,0.0151650344563474,-0.0239667723185946,0.00456576479666618,-0.0303452946376568,7.02224649455196e-05,-0.0384348415451037,0.00844214333917731,-0.00197138851821402,-0.0140800530109222,-0.00538820576809854,-0.00716381983286516,0.0021546399592549,-0.0244056554917278,-0.0167056538361502,-0.0261195688670816,-0.0145688128680742,-0.0192189601326202,-0.0148337240329436,-0.00293013672049511,0.00389982546070801,-0.0184013557112199,-0.0201141189823063,-0.00521596366183814,-0.0059496276778799,-0.0328807833076445,-0.0193281367292043,0.00780624543794303,-0.00501280160272254,0.00554606677417362,-0.0172383515607921,-0.000973041171877436,0.014601696994848,-0.019459804473306,-0.0192971569890406,-0.00567819794798546,0.00935606676885334,-0.0239588566372731,-0.0402385631399664,-0.00791542618493011,-0.0204645803545716,-0.0208568206016777,-0.0297387514830768,-0.00240859036587211,-0.00188455297137919,-0.0244707695497903,-0.00337866720730457,-0.0277970484737294,-0.00531503055205746,-0.0172957931706301,-0.00449857593439579,-0.0151921041847858,-0.0167007801881121,0.0150486169764081,-0.0113949790096584,-0.00680270366434298,-0.0141210233297139,-0.00656977092028814,0.00418662229460074,-0.00886121022456954,-0.0191485032148012,-0.00490530053091879,-0.0120443660335718,-0.00373779091533831,-0.00943891416601612,-0.0125783113938857,0.0198941029692263,-0.0151176504148115,0.00269353933121289,-0.033434033158764,-0.0118657295368719,0.00111313971634731,-0.0197423429523447,0.0151093148893725,-0.00185657538657878,-0.0252959281399419,-0.0305987287197201,-0.0316551905203809,-0.0239771311222759,0.0108523606007411,-0.00484582044881908,0.0069503127114627,-0.00619605761410938,-0.01800626562848,-0.0161247375113732,0.00592362505913654,-0.0105085267016474,0.00212462715809289,-0.0237386759071216,-0.0128123034317849,-0.0162004193851562,-0.0121971647932898,0.0110085049240928,16,45,35.6,0.4,-0.00423400303934787,0.977978468667887,0.983045714619534,0.00286161264309735,0.763462082801313,0.970181078694326,-0.0138821403893296,0.730447796348389,0.963383390626969,-0.00951569127941366,0.738236053485572,0.954765697713823,0.421
"187","Veillonella (RSV15)",-0.0175723230345688,-0.02310966223424,-0.0108871164106266,0.0136536402334245,-0.0391306480006525,-0.0262429863706505,-0.021834136441526,-0.00694885984456216,-0.0167957046474028,-0.017836791021788,-0.026717168682396,-0.0159585331497824,-0.0192989522966382,-0.00581234352253367,-0.0022227162025615,0.0101470717167453,0.00389288884299478,0.00288506197922737,-0.00526323848037562,0.00474697677916867,-0.0211371828855503,-0.00732918985469968,-0.00671202077245946,-0.0145630134504492,-0.0292851891472974,-0.0238556890450863,-0.00079011854471711,0.00391470666478755,-0.027149815767386,-0.0153840337815375,0.0137757000162121,-0.00440545376792066,-0.00977781844584249,-0.00845447547735917,0.0139032453323509,0.000819005636905082,-0.0129186921545302,-0.0114709638006627,-0.0115429529782705,-0.00208053095297871,-0.00770686398317135,0.0263935920069975,-0.0121580791458937,0.00112934987485619,-0.0460643237274703,-0.0141059165445885,0.0294979101590918,-0.0230623875034469,-0.0161668986395402,0.00496404440147653,-0.0406565814435772,0.00454181287317638,-0.0127044247121509,-0.0311785729035377,-0.02157014128554,0.0084922111038646,-0.0198947016463316,-0.018639105757157,-0.00438178134511833,-0.00675194641313113,-0.00229914156460178,-0.027151557894071,-0.00670456355764926,0.0247684813739724,-0.0111973679895856,-0.00889511592220844,-0.0230589105353148,-0.00544338636929879,0.0111032844532682,0.0116817696481119,0.00903994409832531,-0.0284011404831561,-0.0317825669170359,-0.0111131395780816,-0.0105418259223968,-0.013907054359092,-0.00606255687051728,-0.00326773397697785,-0.00269195843001914,-0.0263321966913635,-0.0279786194037186,-0.0335711052114592,-0.00434771295194055,0.0110841928716167,-0.0252672364738993,-0.00398811567173253,-0.0318977119335429,-0.00792706881378315,-0.00253475948381589,-0.0118406827458445,-0.00570243935782164,0.00506891907484932,-0.00889318968665183,-0.0093419142387441,-0.0165484847067368,-0.0175474218627566,-0.0238407031132248,-0.0216597242741934,-0.0176991218598599,-0.000266726435453868,-0.0123512402668565,0.0160493175717858,19,45,42.2,1.6,0.136388460569584,0.371664300870068,0.89755031281021,0.186150778696268,0.240780040253702,0.893112035967282,0.139495693990071,0.384712153809442,0.928635638641817,0.0995037817340681,0.361940569009375,0.909709165424652,1.774
"175","Streptococcus (RSV38)",-0.0374585939876455,0.0243369745911638,-0.0481545857843691,-0.02273717128649,-0.0312311198054084,-0.0238650943743886,-0.0103998923405752,0.00452000459630023,-0.0194859965340357,0.00993696290411129,0.0354347755725899,-0.0313174643442372,0.015271461054947,-0.00457932728691419,-0.0094964281097669,0.00393384207206763,-0.00880273000431371,-0.0175648847613834,-0.0354733034565965,-0.0213099738136099,-0.0281408472558542,0.000446241746143376,-0.0290613851561747,-0.00149433540706425,-0.0145515999493439,0.0104223789334124,-0.0114391271809041,-0.0198852152300366,-0.0209455056991903,-0.0361665903788822,-0.00211524079378158,0.00416277333166237,-0.00665846277982743,-0.00586657733892482,-0.000453403456001047,0.0865111698402543,-0.0319306674873749,-0.0150746117416849,-0.0149555640208616,-0.034268436849161,-0.0270221838125555,-0.010034228462256,-0.017290321156807,-0.0268490849157973,-0.011810961366387,-0.0136580419004039,-0.0176717579220821,-0.00532869027445649,-0.0109463203919786,-0.040541724404406,0.0249691557501304,-0.0317927441553104,0.0150641699348824,0.000781013297260067,-0.0183733844731566,-0.000169408014386643,-0.0586584533610861,-0.00992942245081689,-0.0270846952847044,-0.0278617569676862,-0.0115740835906948,-0.0127423399194322,-0.0206539458465582,-0.0405164891620471,0.031177450761713,0.0418968211406029,-0.0199378920650755,0.0165742635805657,-0.0179262026408226,0.000236973934569215,0.00514216649130671,-0.0191344686219606,-0.0220123166443269,0.0390538637346634,-0.0219293996479018,0.0128594947913197,-0.00592987418118426,-0.0318900241265422,-0.0103712406216874,-0.0148164313640911,-0.00188896390025908,0.00688507730552323,-0.00340835407218108,-0.0452600249464758,-0.00543551683288515,0.0146214985075886,-0.0401058589569201,-0.0489043706071554,0.00719280296288365,0.0112034120311352,0.0925254910744423,-0.00388280417405373,-0.0162309434727586,-0.0100509566064973,-0.0154300693738763,0.00415387254772672,-0.0227617848314784,0.0113201690888842,0.0398751084841307,-0.014004034365988,-0.0132563015763511,0.0177065261902504,23,45,51.1,0.3,-0.0407361765185557,0.790480231238375,0.959370452745787,-0.0564005015531266,0.67006939594704,0.959139644141977,-0.03517117733789,0.739662334624564,0.964699571680354,-0.0200114039198301,0.749912589655026,0.96141122685948,0.373
"149","Staphylococcus (RSV435)",-0.00594360183493436,0.00250877577103809,-0.0134757161890925,-0.0141708807297938,-0.0402944904608426,-0.0140328083669289,-0.0138411328870462,-0.00814834927253039,-0.00599060422766498,-0.0140527175340128,0.0031564743707405,-0.013741348857343,-0.0107389539009082,-0.0104748177581792,-0.0157064438473928,-0.00666342462738736,-0.014822714231668,-0.0171662479207596,-0.00849060674933477,-0.0192824052099997,0.00498452579378164,-0.0231713854210564,-0.020133833543191,0.00433575232341388,-0.0232968363905924,-0.00322313726688979,0.0127203362608322,-0.0364579711065875,-0.00548676372260239,0.000465177059688952,-0.00777835812182131,-0.0233876110372529,-0.00116982723635852,0.00512222500448924,-0.027514880779228,-0.0108410537332256,-0.0109259581358186,-0.0277008568337434,-0.017899572382863,-0.00326443848367937,0.0062765889609145,-0.0246978482806293,-0.00514160780893434,0.00238005048754475,-0.0128994898034133,-3.99114899811294e-05,-0.0463308755003044,-0.0402482705834824,-0.000652422360915635,-0.0211595440521552,-0.0258070656304067,-0.0393910687642343,0.000290012653622329,-0.0100338993234313,0.000874830311378408,-0.0199689748314558,-0.0329515413645466,-0.00875940029487153,-0.0293312204380291,-0.019191837222969,-0.0135911237277511,-0.0195528015210892,0.00269674905045887,-0.0165051699829672,-0.0139533811395063,-0.0486313631370286,-0.0123567761700969,-0.0129272970797983,-0.0134617897873312,-0.00808993633056806,-0.00349769469877344,-0.00238400180713104,0.00357488530689646,-0.0132404148300192,-0.0372359945683357,-0.00158767898481117,-0.000747480599646521,-0.00478248515060187,-0.00643601217227384,-0.0140345756046754,-0.0100693234987561,0.0143982179268549,0.00981475832193956,-0.030926194529124,-0.00676604082712974,-0.00369106035644156,-0.0247743133779471,-0.00486505044240722,-0.00559969582679819,-0.010553428643803,-0.0283442556617232,-0.00468363174373089,-0.0117041977263968,-0.0134304988406757,2.49913133492937e-05,-0.0176494901799705,-0.00513131565406606,-0.0407741059594781,-0.00801105619480695,-0.00945987639914361,-0.0147695659306515,0.0113809690152435,9,45,20,1.5,-0.161724702701147,0.288526389578511,0.887252984643779,-0.132202563954072,0.419809363053775,0.921067783323902,-0.111310367944876,0.463559203424701,0.931850481038345,-0.0728061030448162,0.466570340079642,0.918587392731327,1.545
"80","Haemophilus (RSV18)",-0.0451333795575585,-0.0263301504279503,0.0144901609311135,-0.0499556647952554,-0.00960309963296813,-0.0115600385564366,0.00677116909416591,-0.0234795547040757,-0.0514703333378336,-0.0233506111481374,-0.0102643320039209,-0.0451842798351473,0.00272319692930972,-0.0202414707149065,-0.0118996408890896,-0.015360536856827,-0.00853730938017703,-0.0136811836044176,-0.0310943931782974,-0.0323051668793092,-0.00291722971671206,-0.0432180981969338,-0.0137631826765603,-0.0252027147397984,-0.0366239452189909,-0.00385637570456929,-0.016586133319601,-0.0253170936353063,-0.0277725629659592,0.00156247350758631,-0.0114721509895265,0.0146930731911306,-0.0489563726084943,-0.0182304894198969,-0.0486320402733632,-0.0379214743330027,-0.0182930890374609,-0.0414523711905109,-0.0430727987265226,-0.00754161960736157,-0.0618504552006477,-0.0147237509146432,-0.0111842444138837,-0.0221059514585103,-0.0265348795678503,-0.0274763063671166,-0.027064978566628,-0.0307104060007982,-0.0148604712812451,-0.00705948155116888,-0.0522091636274161,-0.0205776045542234,-0.00199554602289064,-0.013267904972559,-0.0443907156361603,-0.0253430017380128,-0.00155929578512304,-0.0529881699033501,-0.00975856089585984,-0.0118972487728427,-0.0232428299786127,-0.0189307391237559,-0.0121625355470255,-0.0491315940634315,-0.0118476234969179,-0.00456369567224962,-0.0311412426687198,-0.0225438322159805,-0.0304699469425828,-0.0401080074497401,0.0266550422113206,-0.018477188629248,-0.0317563790251856,-0.0211569274549538,-0.0235313851224173,-0.00258524343287823,-0.0431713007039688,-0.0220526619508531,-0.0193820198746306,-0.0183329186131739,-0.00776849822104194,-0.0156444160642313,0.00253961422911527,-0.0168590807897268,-0.0478357068136063,-0.0379719998175045,-0.0579486969710966,-0.000433657778629239,-0.0241141592726966,-0.00840394330317625,0.0105560451578988,-0.0442271467918077,-0.0373251197660412,-0.0187549789535728,-0.0305167608586224,-0.0127179053501313,-0.00664507501938164,-0.0191944421815496,-0.054162655492145,-0.00808547411834983,-0.022346889772283,0.0153230435929268,23,45,51.1,1.4,0.0573531710708753,0.708241760591254,0.959370452745787,0.0779697239889303,0.617901063399639,0.954461219504298,0.0504018979207696,0.727938515293305,0.965497648657323,0.0362924039493916,0.711382465066719,0.957177454953661,1.769
"176","Streptococcus (RSV4)",0.00196131994461579,-0.00163270810451332,-0.0309397371852438,-0.00755730701827063,-0.0579870115297931,-0.0781628492721691,-0.0124366798737796,-0.0182617572191234,0.0244693668103117,-0.00340021154978361,-0.0408618632755661,-0.041193650581204,-0.0464137859161817,-0.00682657959518088,-0.035672926828048,-0.0102538277152283,0.027863579402619,0.0710899870286776,-0.0232861313022108,0.0318957651494686,0.00504378775041668,-0.0204596743513838,-0.0258927779726691,-0.00576953023871937,-0.0689395074007515,-0.0308770793514621,-0.0106945295868026,-0.0275709937708696,0.00268009118186204,-0.0400112383224008,-0.00136630112288797,-0.02748380772236,-0.00203116677189013,-0.0459030174445157,0.00530079935438699,-0.0301254999817702,-0.0330877483874455,-0.0352162857462143,-0.0311733201904678,0.00138328683547613,0.00590431584784179,-0.0314203790377278,-0.00391991014143732,-0.0577223213859556,-0.0374301521809649,-0.0175153578442669,-0.0410492317936369,0.0454991598269912,-0.0368994303060384,-0.0385418010663962,-0.0891837134852947,0.0101414993712793,-0.00266855986187761,-0.0456337628917527,-0.0166991919792493,-0.046000124962654,-0.0335983840147985,-0.0395194540667918,-0.0317269854018048,-0.0253910406936793,-0.0187588078010811,-0.0502054589786945,0.013489344481464,-0.0122971735560045,-0.0163411140130329,-0.0324190804403326,-0.0314892377426686,-0.00686762536740226,0.00799004788980755,-0.025027574435785,-0.0279715903261151,-0.0381345530621159,0.0288540673713989,-0.00398463575244936,0.00641727858484984,0.0175608991360108,-0.0305723617374668,-0.0352886404869592,0.0322437592008233,-0.0366782699468136,-0.00213717029863891,-0.0293117529695043,0.0450010622062837,-0.0282434040343182,-0.0495295902875469,-0.0233350415665149,0.049895699936448,-0.077776474082206,-0.05923470906175,-0.0466037241196548,-0.0640935439557792,-0.0507417792333311,-0.0359909842856238,-0.032919370980154,-0.03380686993581,-0.0642712862791048,-0.00328811383475868,-0.0170876848039874,-0.0200149231633526,0.01414540502267,-0.0236458844671429,0.026079826593781,43,45,95.6,20.2,0.1499637612796,0.325482610057318,0.887252984643779,0.165225178790475,0.283203997544667,0.910898162675064,0.110822408393927,0.471301019863372,0.941146089994675,0.0814840341285339,0.433744025571929,0.926192332482561,21.564
"172","Streptococcus (RSV3)",-0.0632816859273501,0.00510352805166986,-0.0458019263299319,-0.00875346211120583,-0.00532977394485113,-0.00312742423345115,-0.0446176573518348,-0.0369860199936587,-0.0337082414101919,-0.0116304335739639,-0.0135030238796086,-0.0359751392929435,-0.0124944163889479,-0.0335994432027143,-0.016207481515327,-0.0276412757000914,-0.109826215752904,-0.00540940519180572,-0.00580070885447308,-0.0323121409198211,-0.0363890958676368,-0.00982821892227969,-0.0299647753743832,-0.0309661435714713,-0.0344355551844698,-0.0370961689142414,0.00725168651834714,-0.0237181016322846,0.0174536168535838,-0.0441127088656201,-0.0401283221755626,-0.0306951752027218,0.0504411048549187,-0.0104800711824714,-0.0333055596507621,0.0175708573419207,-0.0237307292136277,-0.00320818112324372,0.000759877705290442,-0.00125166302078757,-0.0466734129444015,0.00465578823839713,-0.0329733822367112,-0.0302169308186681,-0.040280836263381,-0.0182837368212106,-0.0137059273600254,-0.0488363849367718,-0.0364041902505434,-0.0219856924395706,-0.0251425591894946,0.01526655108115,-0.0254695838218591,-0.0391511327035118,-0.0120977791775103,-0.00932034099562863,-0.0427242941406337,-0.0476518017973595,-0.0342364560427139,-0.0252705470799716,-0.0384531366826973,-0.0322675428730017,-0.00400218835498012,-0.062261704197149,-0.038755166723455,-0.0154710789002065,-0.0176099190882262,-0.0228691677845182,-0.040234953851764,-0.0316707166219157,0.0146613766794273,-0.0305870776956284,0.0109223150362181,-0.0358669840823708,-0.0342312507629689,-0.00972661670382358,-0.0101366417419847,-0.0138701993046684,-0.015815399223652,-0.0324735552868783,-0.0114952470412417,-0.0310844584623618,0.000517479581224778,0.030052015189478,-0.0535262253621318,-0.0161213107921033,-0.0481000235502166,-0.0220750363640064,-0.0359526699757287,-0.00862638210456479,-0.019356044654422,-0.000586066206798747,0.00665183080508028,-0.0482386657591196,-0.0489540048064081,-0.0509589530278246,-0.0223377486962329,-0.0702880173911623,0.00570972159731709,-0.0348601339305789,-0.0280658803617469,0.0147478788657435,34,45,75.6,2.6,0.0588016166171483,0.701211526138723,0.959370452745787,0.0498348116201757,0.731884674672957,0.966997447775448,0.0765859721367577,0.620070196605296,0.953330192550236,0.0573470564148053,0.582401256466151,0.940472441759339,2.781
